#   Qstar cross-section for 13 TeV for f = 1.0 at interval of 50 GeV and eff for given cut
#(GeV)   (pb)
Mass Qstar_f1p0_NoDEta  Qstar_f1p0_Eff
1000  1.635e+01          0.570699
1100  1.068e+01  	 0.582461
1200  7.036e+00  	 0.594224
1300  4.827e+00  	 0.605987
1400  3.363e+00    	 0.617749
1500  2.373e+00  	 0.629512
1600  1.709e+00  	 0.641274
1700  1.243e+00  	 0.653037
1800  9.292e-01  	 0.664799
1900  6.885e-01  	 0.676562
2000  5.244e-01  	 0.688325
2100  3.951e-01  	 0.690805
2200  3.010e-01  	 0.693285
2300  2.322e-01 	 0.695765
2400  1.805e-01   	 0.698245
2500  1.402e-01  	 0.700725
2600  1.099e-01  	 0.703205
2700  8.650e-02		 0.705685
2800  6.787e-02    	 0.708166
2900  5.372e-02 	 0.710646
3000  4.273e-02   	 0.713126
3100  3.391e-02 	 0.713249
3200  2.720e-02   	 0.713372
3300  2.186e-02  	 0.713495
3400  1.744e-02  	 0.713618
3500  1.417e-02  	 0.713741
3600  1.126e-02  	 0.713864
3700  9.062e-03 	 0.713987
3800  7.276e-03   	 0.71411 
3900  5.911e-03  	 0.714233
4000  4.814e-03  	 0.714356
4100  3.870e-03  	 0.71491 
4200  3.156e-03  	 0.715465
4300  2.554e-03  	 0.716019
4400  2.057e-03  	 0.716574
4500  1.656e-03  	 0.717128
4600  1.354e-03  	 0.717683
4700  1.089e-03  	 0.718237
4800  8.813e-04  	 0.718792
4900  7.214e-04  	 0.719346
5000  5.836e-04  	 0.719901
5100  4.734e-04  	 0.718705
5200  3.807e-04  	 0.717509
5300  3.108e-04  	 0.716314
5400  2.517e-04  	 0.715118
5500  2.051e-04 	 0.713923
5600  1.650e-04 	 0.712727
5700  1.339e-04 	 0.711532
5800  1.072e-04 	 0.710336
5900  8.685e-05 	 0.70914 
6000  7.085e-05 	 0.707945
