#   Qstar cross-section for 13 TeV for f = 1.0 at interval of 50 GeV and eff for given cut
#(GeV)   (pb)
Mass Qstar_f1p0_DEta_1.8  Qstar_f1p0_Eff
1000  1.635e+01            0.495034
1100  1.068e+01   	   0.502106
1200  7.036e+00  	   0.509177
1300  4.827e+00  	   0.516249
1400  3.363e+00    	   0.523321
1500  2.373e+00  	   0.530392
1600  1.709e+00  	   0.537464
1700  1.243e+00  	   0.544535
1800  9.292e-01  	   0.551607
1900  6.885e-01  	   0.558679
2000  5.244e-01  	   0.56575 
2100  3.951e-01  	   0.567204
2200  3.010e-01  	   0.568658
2300  2.322e-01 	   0.570112
2400  1.805e-01   	   0.571566
2500  1.402e-01  	   0.573019
2600  1.099e-01  	   0.574473
2700  8.650e-02		   0.575927
2800  6.787e-02    	   0.577381
2900  5.372e-02 	   0.578835
3000  4.273e-02   	   0.580288
3100  3.391e-02 	   0.579527
3200  2.720e-02   	   0.578765
3300  2.186e-02  	   0.578004
3400  1.744e-02  	   0.577242
3500  1.417e-02  	   0.576481
3600  1.126e-02  	   0.575719
3700  9.062e-03 	   0.574958
3800  7.276e-03   	   0.574196
3900  5.911e-03  	   0.573435
4000  4.814e-03  	   0.572673
4100  3.870e-03  	   0.572971
4200  3.156e-03  	   0.573268
4300  2.554e-03  	   0.573566
4400  2.057e-03  	   0.573863
4500  1.656e-03  	   0.57416 
4600  1.354e-03  	   0.574458
4700  1.089e-03  	   0.574755
4800  8.813e-04  	   0.575053
4900  7.214e-04  	   0.57535 
5000  5.836e-04  	   0.575648
5100  4.734e-04  	   0.574895
5200  3.807e-04  	   0.574143
5300  3.108e-04  	   0.573391
5400  2.517e-04  	   0.572639
5500  2.051e-04 	   0.571886
5600  1.650e-04 	   0.571134
5700  1.339e-04 	   0.570382
5800  1.072e-04 	   0.56963 
5900  8.685e-05 	   0.568877
6000  7.085e-05 	   0.568125
