#   Qstar cross-section for 13 TeV for f = 1.0 at interval of 50 GeV and eff for given cut
#(GeV)   (pb)
Mass Qstar_f1p0_DEta_2.5  Qstar_f1p0_Eff
1000  1.635e+01            0.556149
1100  1.068e+01  	   0.565505
1200  7.036e+00  	   0.574861
1300  4.827e+00  	   0.584217
1400  3.363e+00    	   0.593573
1500  2.373e+00  	   0.602929
1600  1.709e+00  	   0.612284
1700  1.243e+00  	   0.62164 
1800  9.292e-01  	   0.630996
1900  6.885e-01  	   0.640352
2000  5.244e-01  	   0.649708
2100  3.951e-01  	   0.651709
2200  3.010e-01  	   0.65371 
2300  2.322e-01 	   0.655711
2400  1.805e-01   	   0.657712
2500  1.402e-01  	   0.659713
2600  1.099e-01  	   0.661714
2700  8.650e-02		   0.663716
2800  6.787e-02    	   0.665717
2900  5.372e-02 	   0.667718
3000  4.273e-02   	   0.669719
3100  3.391e-02 	   0.669514
3200  2.720e-02   	   0.669309
3300  2.186e-02  	   0.669104
3400  1.744e-02  	   0.668899
3500  1.417e-02  	   0.668694
3600  1.126e-02  	   0.668489
3700  9.062e-03 	   0.668284
3800  7.276e-03   	   0.668079
3900  5.911e-03  	   0.667874
4000  4.814e-03  	   0.667669
4100  3.870e-03  	   0.668318
4200  3.156e-03  	   0.668967
4300  2.554e-03  	   0.669616
4400  2.057e-03  	   0.670265
4500  1.656e-03  	   0.670914
4600  1.354e-03  	   0.671562
4700  1.089e-03  	   0.672211
4800  8.813e-04  	   0.67286 
4900  7.214e-04  	   0.673509
5000  5.836e-04  	   0.674158
5100  4.734e-04  	   0.673048
5200  3.807e-04  	   0.671938
5300  3.108e-04  	   0.670828
5400  2.517e-04  	   0.669718
5500  2.051e-04 	   0.668608
5600  1.650e-04 	   0.667498
5700  1.339e-04 	   0.666387
5800  1.072e-04 	   0.665277
5900  8.685e-05 	   0.664167
6000  7.085e-05 	   0.663057
