#   Qstar cross-section for 13 TeV for f = 1.0 at interval of 50 GeV and eff for given cut
#(GeV)   (pb)
Mass Qstar_f1p0_DEta_2.0  Qstar_f1p0_Eff
1000  1.635e+01            0.519753
1100  1.068e+01  	   0.527465
1200  7.036e+00  	   0.535177
1300  4.827e+00  	   0.54289 
1400  3.363e+00    	   0.550602
1500  2.373e+00  	   0.558314
1600  1.709e+00  	   0.566027
1700  1.243e+00  	   0.573739
1800  9.292e-01  	   0.581451
1900  6.885e-01  	   0.589164
2000  5.244e-01  	   0.596876
2100  3.951e-01  	   0.598394
2200  3.010e-01  	   0.599913
2300  2.322e-01 	   0.601431
2400  1.805e-01   	   0.602949
2500  1.402e-01  	   0.604467
2600  1.099e-01  	   0.605986
2700  8.650e-02		   0.607504
2800  6.787e-02    	   0.609022
2900  5.372e-02 	   0.610541
3000  4.273e-02   	   0.612059
3100  3.391e-02 	   0.61167 
3200  2.720e-02   	   0.611281
3300  2.186e-02  	   0.610892
3400  1.744e-02  	   0.610503
3500  1.417e-02  	   0.610114
3600  1.126e-02  	   0.609725
3700  9.062e-03 	   0.609336
3800  7.276e-03   	   0.608947
3900  5.911e-03  	   0.608558
4000  4.814e-03  	   0.608169
4100  3.870e-03  	   0.608637
4200  3.156e-03  	   0.609105
4300  2.554e-03  	   0.609574
4400  2.057e-03  	   0.610042
4500  1.656e-03  	   0.61051 
4600  1.354e-03  	   0.610979
4700  1.089e-03  	   0.611447
4800  8.813e-04  	   0.611915
4900  7.214e-04  	   0.612383
5000  5.836e-04  	   0.612852
5100  4.734e-04  	   0.611757
5200  3.807e-04  	   0.610662
5300  3.108e-04  	   0.609567
5400  2.517e-04  	   0.608472
5500  2.051e-04 	   0.607377
5600  1.650e-04 	   0.606283
5700  1.339e-04 	   0.605188
5800  1.072e-04 	   0.604093
5900  8.685e-05 	   0.602998
6000  7.085e-05 	   0.601903
