#   Qstar cross-section for 13 TeV for f = 1.0 at interval of 50 GeV and eff for given cut
#(GeV)   (pb)
Mass Qstar_f1p0_DEta_2.2  Qstar_f1p0_Eff
1000  1.635e+01            0.537938
1100  1.068e+01  	   0.546315
1200  7.036e+00  	   0.554692
1300  4.827e+00  	   0.563069
1400  3.363e+00    	   0.571446
1500  2.373e+00  	   0.579823
1600  1.709e+00  	   0.5882  
1700  1.243e+00  	   0.596577
1800  9.292e-01  	   0.604954
1900  6.885e-01  	   0.613331
2000  5.244e-01  	   0.621708
2100  3.951e-01  	   0.623355
2200  3.010e-01  	   0.625001
2300  2.322e-01 	   0.626647
2400  1.805e-01   	   0.628294
2500  1.402e-01  	   0.62994 
2600  1.099e-01  	   0.631586
2700  8.650e-02		   0.633233
2800  6.787e-02    	   0.634879
2900  5.372e-02 	   0.636525
3000  4.273e-02   	   0.638172
3100  3.391e-02 	   0.638057
3200  2.720e-02   	   0.637943
3300  2.186e-02  	   0.637828
3400  1.744e-02  	   0.637714
3500  1.417e-02  	   0.6376  
3600  1.126e-02  	   0.637485
3700  9.062e-03 	   0.637371
3800  7.276e-03   	   0.637256
3900  5.911e-03  	   0.637142
4000  4.814e-03  	   0.637027
4100  3.870e-03  	   0.637428
4200  3.156e-03  	   0.637829
4300  2.554e-03  	   0.63823 
4400  2.057e-03  	   0.638631
4500  1.656e-03  	   0.639032
4600  1.354e-03  	   0.639432
4700  1.089e-03  	   0.639833
4800  8.813e-04  	   0.640234
4900  7.214e-04  	   0.640635
5000  5.836e-04  	   0.641036
5100  4.734e-04  	   0.639952
5200  3.807e-04  	   0.638869
5300  3.108e-04  	   0.637786
5400  2.517e-04  	   0.636703
5500  2.051e-04 	   0.63562 
5600  1.650e-04 	   0.634537
5700  1.339e-04 	   0.633453
5800  1.072e-04 	   0.63237 
5900  8.685e-05 	   0.631287
6000  7.085e-05 	   0.630204
