#   Qstar cross-section for 13 TeV for f = 1.0 at interval of 50 GeV and eff for given cut
#(GeV)   (pb)
Mass Qstar_f1p0_DEta_1.2  Qstar_f1p0_Eff
1000  1.635e+01            0.383093
1100  1.068e+01  	   0.388089
1200  7.036e+00  	   0.393085
1300  4.827e+00  	   0.398082
1400  3.363e+00    	   0.403078
1500  2.373e+00  	   0.408075
1600  1.709e+00  	   0.413071
1700  1.243e+00  	   0.418067
1800  9.292e-01  	   0.423064
1900  6.885e-01  	   0.42806 
2000  5.244e-01  	   0.433056
2100  3.951e-01  	   0.433881
2200  3.010e-01  	   0.434705
2300  2.322e-01 	   0.43553 
2400  1.805e-01   	   0.436354
2500  1.402e-01  	   0.437178
2600  1.099e-01  	   0.438003
2700  8.650e-02		   0.438827
2800  6.787e-02    	   0.439651
2900  5.372e-02 	   0.440476
3000  4.273e-02   	   0.4413  
3100  3.391e-02 	   0.440196
3200  2.720e-02   	   0.439091
3300  2.186e-02  	   0.437986
3400  1.744e-02  	   0.436881
3500  1.417e-02  	   0.435777
3600  1.126e-02  	   0.434672
3700  9.062e-03 	   0.433567
3800  7.276e-03   	   0.432463
3900  5.911e-03  	   0.431358
4000  4.814e-03  	   0.430253
4100  3.870e-03  	   0.430809
4200  3.156e-03  	   0.431366
4300  2.554e-03  	   0.431922
4400  2.057e-03  	   0.432478
4500  1.656e-03  	   0.433034
4600  1.354e-03  	   0.43359 
4700  1.089e-03  	   0.434146
4800  8.813e-04  	   0.434702
4900  7.214e-04  	   0.435259
5000  5.836e-04  	   0.435815
5100  4.734e-04  	   0.434861
5200  3.807e-04  	   0.433906
5300  3.108e-04  	   0.432952
5400  2.517e-04  	   0.431998
5500  2.051e-04 	   0.431044
5600  1.650e-04 	   0.43009 
5700  1.339e-04 	   0.429136
5800  1.072e-04 	   0.428181
5900  8.685e-05 	   0.427227
6000  7.085e-05 	   0.426273
