#   Qstar cross-section for 13 TeV for f = 1.0 at interval of 50 GeV and eff for given cut
#(GeV)   (pb)
Mass Qstar_f1p0_DEta_1.5  Qstar_f1p0_Eff
1000  1.635e+01            0.44825 
1100  1.068e+01  	   0.454205
1200  7.036e+00  	   0.46016 
1300  4.827e+00  	   0.466115
1400  3.363e+00    	   0.472069
1500  2.373e+00  	   0.478024
1600  1.709e+00  	   0.483979
1700  1.243e+00  	   0.489934
1800  9.292e-01  	   0.495889
1900  6.885e-01  	   0.501844
2000  5.244e-01  	   0.507798
2100  3.951e-01  	   0.508999
2200  3.010e-01  	   0.5102  
2300  2.322e-01 	   0.511401
2400  1.805e-01   	   0.512601
2500  1.402e-01  	   0.513802
2600  1.099e-01  	   0.515003
2700  8.650e-02		   0.516204
2800  6.787e-02    	   0.517405
2900  5.372e-02 	   0.518605
3000  4.273e-02   	   0.519806
3100  3.391e-02 	   0.518596
3200  2.720e-02   	   0.517386
3300  2.186e-02  	   0.516176
3400  1.744e-02  	   0.514967
3500  1.417e-02  	   0.513757
3600  1.126e-02  	   0.512547
3700  9.062e-03 	   0.511337
3800  7.276e-03   	   0.510127
3900  5.911e-03  	   0.508917
4000  4.814e-03  	   0.507708
4100  3.870e-03  	   0.508108
4200  3.156e-03  	   0.508509
4300  2.554e-03  	   0.508909
4400  2.057e-03  	   0.50931 
4500  1.656e-03  	   0.50971 
4600  1.354e-03  	   0.510111
4700  1.089e-03  	   0.510511
4800  8.813e-04  	   0.510911
4900  7.214e-04  	   0.511312
5000  5.836e-04  	   0.511712
5100  4.734e-04  	   0.51092 
5200  3.807e-04  	   0.510127
5300  3.108e-04  	   0.509335
5400  2.517e-04  	   0.508542
5500  2.051e-04 	   0.50775 
5600  1.650e-04 	   0.506957
5700  1.339e-04 	   0.506164
5800  1.072e-04 	   0.505372
5900  8.685e-05 	   0.504579
6000  7.085e-05 	   0.503787
