 0.0851191 
 0.0850189 
 0.116154 
 0.121083 
 0.0544158 
 0.0730131 
 0.0935709 
 0.0848421 
 0.0726884 
 0.0480295 
 0.075607 
 0.0562543 
 0.0607997 
 0.0591889 
 0.138464 
 0.0871059 
 0.0709276 
 0.110781 
 0.0391439 
 0.0567217 
 0.0416048 
 0.111354 
 0.0557789 
 0.0488127 
 0.0715154 
 0.0645488 
 0.0496473 
 0.108945 
 0.0553113 
 0.0600335 
 0.0968976 
 0.0384494 
 0.0625619 
 0.0465345 
 0.0491657 
 0.0924724 
 0.0885612 
 0.0494801 
 0.0960615 
 0.0856744 
 0.112692 
 0.0554568 
 0.0968253 
 0.0870218 
 0.0546254 
 0.0769631 
 0.0829246 
 0.00403385 
 0.109032 
 0.0868587 
 0.0649752 
 0.0620182 
 0.0837196 
 0.0915044 
 0.0431155 
 0.102076 
 0.00404415 
 0.123654 
 0.0611844 
 0.0658476 
 0.0758496 
 0.082453 
 0.00404836 
 0.145461 
 0.0536578 
 0.05672 
 0.0542431 
 0.127766 
 0.108623 
 0.0829803 
 0.0888242 
 0.0585325 
 0.117017 
 0.053029 
 0.0742003 
 0.0924274 
 0.088913 
 0.127059 
 0.0514142 
 0.0581831 
 0.108011 
 0.0971997 
 0.0583692 
 0.00405286 
 0.117989 
 0.0657986 
 0.131172 
 0.072508 
 0.0626903 
 0.0925848 
 0.0726947 
 0.00405403 
 0.00405689 
 0.148461 
 0.0680676 
 0.09135 
 0.104709 
 0.0622919 
 0.109889 
 0.0962302 
 0.0710023 
 0.00406262 
 0.0935336 
 0.112263 
 0.0749448 
 0.0653653 
 0.0779145 
 0.124852 
 0.0311779 
 0.0477035 
 0.0555314 
 0.0655858 
 0.0614446 
 0.0939349 
 0.100645 
 0.0802545 
 0.0706789 
 0.105577 
 0.0647575 
 0.0824442 
 0.0748417 
 0.0607465 
 0.0834857 
 0.0738394 
 0.0403164 
 0.0846086 
 0.0549101 
 0.0917052 
 0.0490152 
 0.0750045 
 0.0819536 
 0.0373403 
 0.0559148 
 0.0711181 
 0.0993792 
 0.0838921 
 0.103542 
 0.084582 
 0.0779451 
 0.0560814 
 0.105727 
 0.00405425 
 0.0849385 
 0.0566469 
 0.0697153 
 0.0782979 
 0.065041 
 0.0708426 
 0.0798144 
 0.192153 
 0.0892349 
 0.0624235 
 0.041 
 0.0745702 
 0.0709211 
 0.0538342 
 0.0711747 
 0.0517268 
 0.0699986 
 0.0667738 
 0.0773474 
 0.096491 
 0.0887302 
 0.0832123 
 0.00404846 
 0.101586 
 0.0969944 
 0.0540067 
 0.0564089 
 0.10031 
 0.0889546 
 0.038978 
 0.0938574 
 0.0982573 
 0.075179 
 0.054137 
 0.075119 
 0.0860339 
 0.0658939 
 0.0569385 
 0.0427782 
 0.103412 
 0.0716572 
 0.053514 
 0.0806452 
 0.155208 
 0.146486 
 0.0526029 
 0.0678067 
 0.00403101 
 0.0903901 
 0.129351 
 0.0783863 
 0.093404 
 0.0465721 
 0.0746867 
 0.0525528 
 0.0902453 
 0.0848107 
 0.0710032 
 0.0936957 
 0.0956529 
 0.0826364 
 0.00404727 
 0.0646164 
 0.00403556 
 0.106083 
