#   Qstar cross-section for 13 TeV for f = 1.0 at interval of 50 GeV and eff for given cut
#(GeV)   (pb)
Mass Qstar_f1p0_PhId_Medium  Qstar_f1p0_Eff
1000  1.635e+01               0.450485
1100  1.068e+01  	      0.458009
1200  7.036e+00  	      0.465533
1300  4.827e+00  	      0.473058
1400  3.363e+00    	      0.480582
1500  2.373e+00  	      0.488106
1600  1.709e+00  	      0.49563 
1700  1.243e+00  	      0.503154
1800  9.292e-01  	      0.510679
1900  6.885e-01  	      0.518203
2000  5.244e-01  	      0.525727
2100  3.951e-01  	      0.527865
2200  3.010e-01  	      0.530003
2300  2.322e-01 	      0.532141
2400  1.805e-01   	      0.53428 
2500  1.402e-01  	      0.536418
2600  1.099e-01  	      0.538556
2700  8.650e-02		      0.540694
2800  6.787e-02    	      0.542832
2900  5.372e-02 	      0.54497 
3000  4.273e-02   	      0.547108
3100  3.391e-02 	      0.547116
3200  2.720e-02   	      0.547124
3300  2.186e-02  	      0.547133
3400  1.744e-02  	      0.547141
3500  1.417e-02  	      0.547149
3600  1.126e-02  	      0.547157
3700  9.062e-03 	      0.547165
3800  7.276e-03   	      0.547173
3900  5.911e-03  	      0.547181
4000  4.814e-03  	      0.547189
4100  3.870e-03  	      0.547424
4200  3.156e-03  	      0.547659
4300  2.554e-03  	      0.547894
4400  2.057e-03  	      0.548129
4500  1.656e-03  	      0.548364
4600  1.354e-03  	      0.548599
4700  1.089e-03  	      0.548835
4800  8.813e-04  	      0.54907 
4900  7.214e-04  	      0.549305
5000  5.836e-04  	      0.54954 
5100  4.734e-04  	      0.548447
5200  3.807e-04  	      0.547354
5300  3.108e-04  	      0.546261
5400  2.517e-04  	      0.545169
5500  2.051e-04 	      0.544076
5600  1.650e-04 	      0.542983
5700  1.339e-04 	      0.54189 
5800  1.072e-04 	      0.540797
5900  8.685e-05 	      0.539704
6000  7.085e-05 	      0.538612
