#   Qstar cross-section for 13 TeV for f = 1.0 at interval of 50 GeV and eff for given cut
#(GeV)   (pb)
Mass Qstar_f1p0_PhId_Tight  Qstar_f1p0_Eff
1000  1.635e+01              0.396636
1100  1.068e+01  	     0.403517
1200  7.036e+00  	     0.410398
1300  4.827e+00  	     0.417278
1400  3.363e+00    	     0.424159
1500  2.373e+00  	     0.43104 
1600  1.709e+00  	     0.437921
1700  1.243e+00  	     0.444802
1800  9.292e-01  	     0.451683
1900  6.885e-01  	     0.458564
2000  5.244e-01  	     0.465445
2100  3.951e-01  	     0.46753 
2200  3.010e-01  	     0.469616
2300  2.322e-01 	     0.471701
2400  1.805e-01   	     0.473787
2500  1.402e-01  	     0.475873
2600  1.099e-01  	     0.477958
2700  8.650e-02		     0.480044
2800  6.787e-02    	     0.48213 
2900  5.372e-02 	     0.484215
3000  4.273e-02   	     0.486301
3100  3.391e-02 	     0.486428
3200  2.720e-02   	     0.486555
3300  2.186e-02  	     0.486682
3400  1.744e-02  	     0.48681 
3500  1.417e-02  	     0.486937
3600  1.126e-02  	     0.487064
3700  9.062e-03 	     0.487191
3800  7.276e-03   	     0.487318
3900  5.911e-03  	     0.487445
4000  4.814e-03  	     0.487573
4100  3.870e-03  	     0.487757
4200  3.156e-03  	     0.487941
4300  2.554e-03  	     0.488126
4400  2.057e-03  	     0.48831 
4500  1.656e-03  	     0.488495
4600  1.354e-03  	     0.488679
4700  1.089e-03  	     0.488863
4800  8.813e-04  	     0.489048
4900  7.214e-04  	     0.489232
5000  5.836e-04  	     0.489416
5100  4.734e-04  	     0.487753
5200  3.807e-04  	     0.486089
5300  3.108e-04  	     0.484426
5400  2.517e-04  	     0.482762
5500  2.051e-04 	     0.481099
5600  1.650e-04 	     0.479435
5700  1.339e-04 	     0.477772
5800  1.072e-04 	     0.476108
5900  8.685e-05 	     0.474445
6000  7.085e-05 	     0.472781
