#   Bstar cross-section for 13 TeV for f = 1.0
#   (GeV)    (pb)
Mass Bstar_f1p0 Bstar_f1p0_Eff 
1000 7.801e-02 	 0.290111
1100 4.691e-02 	 0.288076
1200 2.938e-02 	 0.286042
1300 1.847e-02 	 0.284007
1400 1.213e-02 	 0.281972
1500 8.158e-03 	 0.279937
1600 5.477e-03 	 0.276618
1700 3.772e-03 	 0.273298
1800 2.616e-03 	 0.269979
1900 1.852e-03 	 0.26666 
2000 1.304e-03 	 0.26334 
2100 9.467e-04 	 0.259386
2200 6.841e-04 	 0.255432
2300 4.991e-04 	 0.251478
2400 3.689e-04 	 0.247524
2500 2.710e-04 	 0.243569
2600 2.006e-04 	 0.240403
2700 1.508e-04 	 0.237238
2800 1.127e-04 	 0.234072
2900 8.462e-05 	 0.230906
3000 6.335e-05 	 0.22774 
3100 4.820e-05 	 0.226535
3200 3.646e-05 	 0.22533 
3300 2.780e-05 	 0.224125
3400 2.107e-05 	 0.22292 
3500 1.622e-05 	 0.221715
3600 1.225e-05 	 0.220797
3700 9.443e-06 	 0.21988 
3800 7.201e-06 	 0.218962
3900 5.525e-06 	 0.218044
4000 4.200e-06 	 0.217127
4100 3.217e-06 	 0.216768
4200 2.484e-06 	 0.21641 
4300 1.893e-06 	 0.216051
4400 1.479e-06 	 0.215693
4500 1.124e-06 	 0.215334
4600 8.645e-07 	 0.215426
4700 6.655e-07 	 0.215519
4800 5.040e-07 	 0.215611
4900 3.886e-07 	 0.215704
5000 2.955e-07   0.215796
