*************************************************************************
*************************************************************************

Mass    Eff
500    0.185651
600    0.206543
700    0.227435
800    0.248327
900    0.269219
1000    0.290111
1100    0.288076
1200    0.286042
1300    0.284007
1400    0.281972
1500    0.279937
1600    0.276618
1700    0.273298
1800    0.269979
1900    0.26666
2000    0.26334
2100    0.259386
2200    0.255432
2300    0.251478
2400    0.247524
2500    0.243569
2600    0.240403
2700    0.237238
2800    0.234072
2900    0.230906
3000    0.22774
3100    0.226535
3200    0.22533
3300    0.224125
3400    0.22292
3500    0.221715
3600    0.220797
3700    0.21988
3800    0.218962
3900    0.218044
4000    0.217127
4100    0.216768
4200    0.21641
4300    0.216051
4400    0.215693
4500    0.215334
4600    0.215426
4700    0.215519
4800    0.215611
4900    0.215704
5000    0.215796
