#   Qstar cross-section for 13 TeV for f = 1.0 at interval of 50 GeV and eff for given cut
#(GeV)   (pb)
Mass Qstar_f1p0_DPhi_2.5  Qstar_f1p0_Eff
1000  1.635e+01            0.463286 
1100  1.068e+01  	   0.472615
1200  7.036e+00  	   0.481945
1300  4.827e+00  	   0.491275
1400  3.363e+00    	   0.500605
1500  2.373e+00  	   0.509935
1600  1.709e+00  	   0.519265
1700  1.243e+00  	   0.528594
1800  9.292e-01  	   0.537924
1900  6.885e-01  	   0.547254
2000  5.244e-01  	   0.556584
2100  3.951e-01  	   0.559281
2200  3.010e-01  	   0.561977
2300  2.322e-01 	   0.564674
2400  1.805e-01   	   0.567371
2500  1.402e-01  	   0.570068
2600  1.099e-01  	   0.572765
2700  8.650e-02		   0.575461
2800  6.787e-02    	   0.578158
2900  5.372e-02 	   0.580855
3000  4.273e-02   	   0.583552
3100  3.391e-02 	   0.584056
3200  2.720e-02   	   0.58456 
3300  2.186e-02  	   0.585063
3400  1.744e-02  	   0.585567
3500  1.417e-02  	   0.586071
3600  1.126e-02  	   0.586575
3700  9.062e-03 	   0.587079
3800  7.276e-03   	   0.587583
3900  5.911e-03  	   0.588086
4000  4.814e-03  	   0.58859 
4100  3.870e-03  	   0.588863
4200  3.156e-03  	   0.589135
4300  2.554e-03  	   0.589408
4400  2.057e-03  	   0.58968 
4500  1.656e-03  	   0.589953
4600  1.354e-03  	   0.590225
4700  1.089e-03  	   0.590498
4800  8.813e-04  	   0.59077 
4900  7.214e-04  	   0.591043
5000  5.836e-04  	   0.591315
5100  4.734e-04  	   0.590247
5200  3.807e-04  	   0.589179
5300  3.108e-04  	   0.588111
5400  2.517e-04  	   0.587043
5500  2.051e-04 	   0.585975
5600  1.650e-04 	   0.584907
5700  1.339e-04 	   0.583839
5800  1.072e-04 	   0.582771
5900  8.685e-05 	   0.581703
6000  7.085e-05 	   0.580635
