#   Qstar cross-section for 13 TeV for f = 1.0 at interval of 50 GeV and eff for given cut
#(GeV)   (pb)
Mass Qstar_f1p0_DPhi_2.0  Qstar_f1p0_Eff
1000  1.635e+01            0.495375 
1100  1.068e+01  	   0.503647
1200  7.036e+00  	   0.51192 
1300  4.827e+00  	   0.520192
1400  3.363e+00    	   0.528464
1500  2.373e+00  	   0.536737
1600  1.709e+00  	   0.545009
1700  1.243e+00  	   0.553282
1800  9.292e-01  	   0.561554
1900  6.885e-01  	   0.569827
2000  5.244e-01  	   0.578099
2100  3.951e-01  	   0.580029
2200  3.010e-01  	   0.58196 
2300  2.322e-01 	   0.58389 
2400  1.805e-01   	   0.58582 
2500  1.402e-01  	   0.58775 
2600  1.099e-01  	   0.589681
2700  8.650e-02		   0.591611
2800  6.787e-02    	   0.593541
2900  5.372e-02 	   0.595471
3000  4.273e-02   	   0.597402
3100  3.391e-02 	   0.597352
3200  2.720e-02   	   0.597303
3300  2.186e-02  	   0.597253
3400  1.744e-02  	   0.597204
3500  1.417e-02  	   0.597154
3600  1.126e-02  	   0.597105
3700  9.062e-03 	   0.597055
3800  7.276e-03   	   0.597006
3900  5.911e-03  	   0.596956
4000  4.814e-03  	   0.596907
4100  3.870e-03  	   0.596911
4200  3.156e-03  	   0.596915
4300  2.554e-03  	   0.59692 
4400  2.057e-03  	   0.596924
4500  1.656e-03  	   0.596929
4600  1.354e-03  	   0.596933
4700  1.089e-03  	   0.596937
4800  8.813e-04  	   0.596942
4900  7.214e-04  	   0.596946
5000  5.836e-04  	   0.596951
5100  4.734e-04  	   0.595846
5200  3.807e-04  	   0.594741
5300  3.108e-04  	   0.593637
5400  2.517e-04  	   0.592532
5500  2.051e-04 	   0.591428
5600  1.650e-04 	   0.590323
5700  1.339e-04 	   0.589218
5800  1.072e-04 	   0.588114
5900  8.685e-05 	   0.587009
6000  7.085e-05 	   0.585904
