*************************************************************************
for DPhi_Opti/ ===>>>>> DPhi_1.5/
*************************************************************************

Mass    Eff
500    0.256907
600    0.305893
700    0.354879
800    0.403865
900    0.452852
1000    0.501838
1100    0.50978
1200    0.517723
1300    0.525666
1400    0.533608
1500    0.541551
1600    0.549493
1700    0.557436
1800    0.565378
1900    0.573321
2000    0.581264
2100    0.583065
2200    0.584867
2300    0.586669
2400    0.588471
2500    0.590272
2600    0.592074
2700    0.593876
2800    0.595677
2900    0.597479
3000    0.599281
3100    0.599134
3200    0.598987
3300    0.59884
3400    0.598693
3500    0.598546
3600    0.598399
3700    0.598252
3800    0.598105
3900    0.597958
4000    0.597811
4100    0.597793
4200    0.597775
4300    0.597757
4400    0.597739
4500    0.597721
4600    0.597704
4700    0.597686
4800    0.597668
4900    0.59765
5000    0.597632
5100    0.596524
5200    0.595415
5300    0.594306
5400    0.593197
5500    0.592088
5600    0.59098
5700    0.589871
5800    0.588762
5900    0.587653
6000    0.586544
6100    0.584205
6200    0.581865
6300    0.579526
6400    0.577187
6500    0.574847
6600    0.572508
6700    0.570168
6800    0.567829
6900    0.565489
7000    0.56315
7100    0.561607
7200    0.560065
7300    0.558522
7400    0.556979
7500    0.555437
7600    0.553894
7700    0.552352
7800    0.550809
7900    0.549266
8000    0.547724
8100    0.549949
8200    0.552175
8300    0.5544
8400    0.556626
8500    0.558851
8600    0.561077
8700    0.563302
8800    0.565528
8900    0.567753
9000    0.569978

*************************************************************************

*************************************************************************
for DPhi_Opti/ ===>>>>> DPhi_2.0/
*************************************************************************

Mass    Eff
500    0.25234
600    0.300947
700    0.349554
800    0.398161
900    0.446768
1000    0.495375
1100    0.503647
1200    0.51192
1300    0.520192
1400    0.528464
1500    0.536737
1600    0.545009
1700    0.553282
1800    0.561554
1900    0.569827
2000    0.578099
2100    0.580029
2200    0.58196
2300    0.58389
2400    0.58582
2500    0.58775
2600    0.589681
2700    0.591611
2800    0.593541
2900    0.595471
3000    0.597402
3100    0.597352
3200    0.597303
3300    0.597253
3400    0.597204
3500    0.597154
3600    0.597105
3700    0.597055
3800    0.597006
3900    0.596956
4000    0.596907
4100    0.596911
4200    0.596915
4300    0.59692
4400    0.596924
4500    0.596929
4600    0.596933
4700    0.596937
4800    0.596942
4900    0.596946
5000    0.596951
5100    0.595846
5200    0.594741
5300    0.593637
5400    0.592532
5500    0.591428
5600    0.590323
5700    0.589218
5800    0.588114
5900    0.587009
6000    0.585904
6100    0.583538
6200    0.581171
6300    0.578804
6400    0.576437
6500    0.574071
6600    0.571704
6700    0.569337
6800    0.566971
6900    0.564604
7000    0.562237
7100    0.56071
7200    0.559183
7300    0.557656
7400    0.556129
7500    0.554601
7600    0.553074
7700    0.551547
7800    0.55002
7900    0.548493
8000    0.546966
8100    0.549123
8200    0.551281
8300    0.553438
8400    0.555596
8500    0.557754
8600    0.559911
8700    0.562069
8800    0.564227
8900    0.566384
9000    0.568542

*************************************************************************

*************************************************************************
for DPhi_Opti/ ===>>>>> DPhi_2.5/
*************************************************************************

Mass    Eff
500    0.2321
600    0.278337
700    0.324574
800    0.370811
900    0.417048
1000    0.463286
1100    0.472615
1200    0.481945
1300    0.491275
1400    0.500605
1500    0.509935
1600    0.519265
1700    0.528594
1800    0.537924
1900    0.547254
2000    0.556584
2100    0.559281
2200    0.561977
2300    0.564674
2400    0.567371
2500    0.570068
2600    0.572765
2700    0.575461
2800    0.578158
2900    0.580855
3000    0.583552
3100    0.584056
3200    0.58456
3300    0.585063
3400    0.585567
3500    0.586071
3600    0.586575
3700    0.587079
3800    0.587583
3900    0.588086
4000    0.58859
4100    0.588863
4200    0.589135
4300    0.589408
4400    0.58968
4500    0.589953
4600    0.590225
4700    0.590498
4800    0.59077
4900    0.591043
5000    0.591315
5100    0.590247
5200    0.589179
5300    0.588111
5400    0.587043
5500    0.585975
5600    0.584907
5700    0.583839
5800    0.582771
5900    0.581703
6000    0.580635
6100    0.578128
6200    0.575622
6300    0.573115
6400    0.570609
6500    0.568102
6600    0.565596
6700    0.563089
6800    0.560583
6900    0.558076
7000    0.55557
7100    0.553945
7200    0.552319
7300    0.550694
7400    0.549069
7500    0.547444
7600    0.545819
7700    0.544194
7800    0.542569
7900    0.540944
8000    0.539319
8100    0.541179
8200    0.543039
8300    0.5449
8400    0.54676
8500    0.548621
8600    0.550481
8700    0.552342
8800    0.554202
8900    0.556063
9000    0.557923

*************************************************************************

*************************************************************************
for DPhi_Opti/ ===>>>>> NoDPhi/
*************************************************************************

Mass    Eff
500    0.258794
600    0.307812
700    0.35683
800    0.405847
900    0.454865
1000    0.503883
1100    0.511765
1200    0.519647
1300    0.527529
1400    0.535411
1500    0.543294
1600    0.551176
1700    0.559058
1800    0.56694
1900    0.574822
2000    0.582704
2100    0.584438
2200    0.586173
2300    0.587907
2400    0.589641
2500    0.591375
2600    0.593109
2700    0.594843
2800    0.596577
2900    0.598311
3000    0.600045
3100    0.599913
3200    0.599781
3300    0.599649
3400    0.599517
3500    0.599385
3600    0.599253
3700    0.599121
3800    0.598989
3900    0.598857
4000    0.598725
4100    0.598683
4200    0.598641
4300    0.598599
4400    0.598557
4500    0.598515
4600    0.598473
4700    0.598431
4800    0.598389
4900    0.598347
5000    0.598305
5100    0.597227
5200    0.596149
5300    0.595071
5400    0.593993
5500    0.592915
5600    0.591836
5700    0.590758
5800    0.58968
5900    0.588602
6000    0.587524
6100    0.585174
6200    0.582824
6300    0.580474
6400    0.578123
6500    0.575773
6600    0.573423
6700    0.571073
6800    0.568723
6900    0.566373
7000    0.564023
7100    0.562501
7200    0.560979
7300    0.559457
7400    0.557934
7500    0.556412
7600    0.55489
7700    0.553368
7800    0.551846
7900    0.550324
8000    0.548802
8100    0.551004
8200    0.553205
8300    0.555407
8400    0.557608
8500    0.55981
8600    0.562011
8700    0.564213
8800    0.566415
8900    0.568616
9000    0.570818

*************************************************************************

