#   Qstar cross-section for 13 TeV for f = 1.0 at interval of 50 GeV and eff for given cut
#(GeV)   (pb)
Mass Qstar_f1p0_JetId_TightLepVeto  Qstar_f1p0_Eff
1000  1.635e+01                      0.502186
1100  1.068e+01  	   	     0.510107
1200  7.036e+00  	   	     0.518029
1300  4.827e+00  	   	     0.52595 
1400  3.363e+00    	   	     0.533872
1500  2.373e+00  	   	     0.541793
1600  1.709e+00  	   	     0.549715
1700  1.243e+00  	   	     0.557636
1800  9.292e-01  	   	     0.565558
1900  6.885e-01  	   	     0.573479
2000  5.244e-01  	   	     0.581401
2100  3.951e-01  	   	     0.583202
2200  3.010e-01  	   	     0.585003
2300  2.322e-01 	   	     0.586804
2400  1.805e-01   	   	     0.588605
2500  1.402e-01  	   	     0.590406
2600  1.099e-01  	   	     0.592207
2700  8.650e-02		   	     0.594008
2800  6.787e-02    	   	     0.595809
2900  5.372e-02 	   	     0.59761 
3000  4.273e-02   	   	     0.599411
3100  3.391e-02 	   	     0.599259
3200  2.720e-02   	   	     0.599107
3300  2.186e-02  	   	     0.598955
3400  1.744e-02  	   	     0.598804
3500  1.417e-02  	   	     0.598652
3600  1.126e-02  	   	     0.5985  
3700  9.062e-03 	   	     0.598348
3800  7.276e-03   	   	     0.598196
3900  5.911e-03  	   	     0.598044
4000  4.814e-03  	   	     0.597892
4100  3.870e-03  	   	     0.597865
4200  3.156e-03  	   	     0.597838
4300  2.554e-03  	   	     0.59781 
4400  2.057e-03  	   	     0.597783
4500  1.656e-03  	   	     0.597755
4600  1.354e-03  	   	     0.597728
4700  1.089e-03  	   	     0.5977  
4800  8.813e-04  	   	     0.597673
4900  7.214e-04  	   	     0.597645
5000  5.836e-04  	   	     0.597618
5100  4.734e-04  	   	     0.596512
5200  3.807e-04  	   	     0.595407
5300  3.108e-04  	   	     0.594301
5400  2.517e-04  	   	     0.593196
5500  2.051e-04 		     0.59209 
5600  1.650e-04 		     0.590985
5700  1.339e-04 		     0.589879
5800  1.072e-04 		     0.588774
5900  8.685e-05 		     0.587668
6000  7.085e-05 		     0.586563
