#   Bstar cross-section for 13 TeV for f = 1.0
#   (GeV)    (pb)
Mass Bstar_f1p0 Bstar_f1p0_Eff 
1000 1.066e-01 	 0.290111
1100 6.374e-02 	 0.288076
1200 3.955e-02 	 0.286042
1300 2.524e-02 	 0.284007
1400 1.658e-02 	 0.281972
1500 1.100e-02 	 0.279937
1600 7.419e-03 	 0.276618
1700 5.082e-03 	 0.273298
1800 3.593e-03 	 0.269979
1900 2.489e-03 	 0.26666 
2000 1.782e-03 	 0.26334 
2100 1.286e-03 	 0.259386
2200 9.382e-04 	 0.255432
2300 6.756e-04 	 0.251478
2400 4.946e-04 	 0.247524
2500 3.672e-04 	 0.243569
2600 2.726e-04 	 0.240403
2700 2.016e-04 	 0.237238
2800 1.525e-04 	 0.234072
2900 1.137e-04 	 0.230906
3000 8.670e-05 	 0.22774 
3100 6.499e-05 	 0.226535
3200 4.968e-05 	 0.22533 
3300 3.765e-05 	 0.224125
3400 2.861e-05 	 0.22292 
3500 2.199e-05 	 0.221715
3600 1.676e-05 	 0.220797
3700 1.282e-05 	 0.21988 
3800 9.815e-06 	 0.218962
3900 7.522e-06 	 0.218044
4000 5.761e-06 	 0.217127
4100 4.458e-06 	 0.216768
4200 3.385e-06 	 0.21641 
4300 2.603e-06 	 0.216051
4400 1.989e-06 	 0.215693
4500 1.536e-06 	 0.215334
4600 1.184e-06 	 0.215426
4700 9.124e-07 	 0.215519
4800 7.067e-07 	 0.215611
4900 5.331e-07 	 0.215704
5000 4.172e-07    0.215796
