#   Bstar cross-section for 13 TeV for f = 1.0
#   (GeV)    (pb)
Mass Bstar_f1p0 Bstar_f1p0_Eff 
1000 1.396e-01 	 0.290111
1100 8.258e-02 	 0.288076
1200 5.160e-02 	 0.286042
1300 3.284e-02 	 0.284007
1400 2.151e-02 	 0.281972
1500 1.420e-02 	 0.279937
1600 9.617e-03 	 0.276618
1700 6.616e-03 	 0.273298
1800 4.651e-03 	 0.269979
1900 3.290e-03 	 0.26666 
2000 2.311e-03 	 0.26334 
2100 1.667e-03 	 0.259386
2200 1.199e-03 	 0.255432
2300 8.877e-04 	 0.251478
2400 6.505e-04 	 0.247524
2500 4.774e-04 	 0.243569
2600 3.554e-04 	 0.240403
2700 2.639e-04 	 0.237238
2800 2.004e-04 	 0.234072
2900 1.499e-04 	 0.230906
3000 1.122e-04 	 0.22774 
3100 8.549e-05 	 0.226535
3200 6.504e-05 	 0.22533 
3300 4.908e-05 	 0.224125
3400 3.766e-05 	 0.22292 
3500 2.853e-05 	 0.221715
3600 2.191e-05 	 0.220797
3700 1.668e-05 	 0.21988 
3800 1.288e-05 	 0.218962
3900 9.835e-06 	 0.218044
4000 7.636e-06 	 0.217127
4100 5.822e-06 	 0.216768
4200 4.464e-06 	 0.21641 
4300 3.442e-06 	 0.216051
4400 2.628e-06 	 0.215693
4500 2.025e-06 	 0.215334
4600 1.565e-06 	 0.215426
4700 1.205e-06 	 0.215519
4800 9.301e-07 	 0.215611
4900 7.179e-07 	 0.215704
5000 5.556e-07    0.215796
