#   Bstar cross-section for 13 TeV for f = 1.0
#   (GeV)    (pb)
Mass Bstar_f1p0 Bstar_f1p0_Eff 
1000 1.745e-01 	 0.290111
1100 1.044e-01 	 0.288076
1200 6.528e-02 	 0.286042
1300 4.160e-02 	 0.284007
1400 2.713e-02 	 0.281972
1500 1.815e-02 	 0.279937
1600 1.219e-02 	 0.276618
1700 8.421e-03 	 0.273298
1800 5.893e-03 	 0.269979
1900 4.118e-03 	 0.26666 
2000 2.932e-03 	 0.26334 
2100 2.111e-03 	 0.259386
2200 1.520e-03 	 0.255432
2300 1.110e-03 	 0.251478
2400 8.115e-04 	 0.247524
2500 6.070e-04 	 0.243569
2600 4.478e-04 	 0.240403
2700 3.357e-04 	 0.237238
2800 2.526e-04 	 0.234072
2900 1.890e-04 	 0.230906
3000 1.435e-04 	 0.22774 
3100 1.079e-04 	 0.226535
3200 8.164e-05 	 0.22533 
3300 6.229e-05 	 0.224125
3400 4.718e-05 	 0.22292 
3500 3.640e-05 	 0.221715
3600 2.762e-05 	 0.220797
3700 2.120e-05 	 0.21988 
3800 1.647e-05 	 0.218962
3900 1.264e-05 	 0.218044
4000 9.599e-06 	 0.217127
4100 7.360e-06 	 0.216768
4200 5.699e-06 	 0.21641 
4300 4.408e-06 	 0.216051
4400 3.389e-06 	 0.215693
4500 2.631e-06 	 0.215334
4600 2.015e-06 	 0.215426
4700 1.563e-06 	 0.215519
4800 1.198e-06 	 0.215611
4900 9.280e-07 	 0.215704
5000 7.201e-07   0.215796
