#   Qstar cross-section for 13 TeV for f = 1.0 at interval of 50 GeV and eff for given cut
#(GeV)   (pb)
Mass Qstar_f1p0_DEta_2.5  Qstar_f1p0_Eff
1000  1.635e+01            0.563187
1100  1.068e+01  	   0.573591
1200  7.036e+00  	   0.583995
1300  4.827e+00  	   0.594398
1400  3.363e+00    	   0.604802
1500  2.373e+00  	   0.615206
1600  1.709e+00  	   0.62561 
1700  1.243e+00  	   0.636014
1800  9.292e-01  	   0.646417
1900  6.885e-01  	   0.656821
2000  5.244e-01  	   0.667225
2100  3.951e-01  	   0.669759
2200  3.010e-01  	   0.672292
2300  2.322e-01 	   0.674826
2400  1.805e-01   	   0.677359
2500  1.402e-01  	   0.679893
2600  1.099e-01  	   0.682427
2700  8.650e-02		   0.68496 
2800  6.787e-02    	   0.687494
2900  5.372e-02 	   0.690027
3000  4.273e-02   	   0.692561
3100  3.391e-02 	   0.692847
3200  2.720e-02   	   0.693133
3300  2.186e-02  	   0.69342 
3400  1.744e-02  	   0.693706
3500  1.417e-02  	   0.693992
3600  1.126e-02  	   0.694279
3700  9.062e-03 	   0.694565
3800  7.276e-03   	   0.694851
3900  5.911e-03  	   0.695138
4000  4.814e-03  	   0.695424
4100  3.870e-03  	   0.695862
4200  3.156e-03  	   0.6963  
4300  2.554e-03  	   0.696737
4400  2.057e-03  	   0.697175
4500  1.656e-03  	   0.697613
4600  1.354e-03  	   0.698051
4700  1.089e-03  	   0.698489
4800  8.813e-04  	   0.698927
4900  7.214e-04  	   0.699365
5000  5.836e-04  	   0.699802
5100  4.734e-04  	   0.69844 
5200  3.807e-04  	   0.697078
5300  3.108e-04  	   0.695716
5400  2.517e-04  	   0.694354
