#   Qstar cross-section for 13 TeV for f = 1.0 at interval of 50 GeV and eff for given cut
#(GeV)   (pb)
Mass Qstar_f1p0_DEta_1.8  Qstar_f1p0_Eff
1000  1.635e+01            0.501838
1100  1.068e+01   	   0.50978 
1200  7.036e+00  	   0.517723
1300  4.827e+00  	   0.525666
1400  3.363e+00    	   0.533608
1500  2.373e+00  	   0.541551
1600  1.709e+00  	   0.549493
1700  1.243e+00  	   0.557436
1800  9.292e-01  	   0.565378
1900  6.885e-01  	   0.573321
2000  5.244e-01  	   0.581264
2100  3.951e-01  	   0.583065
2200  3.010e-01  	   0.584867
2300  2.322e-01 	   0.586669
2400  1.805e-01   	   0.588471
2500  1.402e-01  	   0.590272
2600  1.099e-01  	   0.592074
2700  8.650e-02		   0.593876
2800  6.787e-02    	   0.595677
2900  5.372e-02 	   0.597479
3000  4.273e-02   	   0.599281
3100  3.391e-02 	   0.599134
3200  2.720e-02   	   0.598987
3300  2.186e-02  	   0.59884 
3400  1.744e-02  	   0.598693
3500  1.417e-02  	   0.598546
3600  1.126e-02  	   0.598399
3700  9.062e-03 	   0.598252
3800  7.276e-03   	   0.598105
3900  5.911e-03  	   0.597958
4000  4.814e-03  	   0.597811
4100  3.870e-03  	   0.597793
4200  3.156e-03  	   0.597775
4300  2.554e-03  	   0.597757
4400  2.057e-03  	   0.597739
4500  1.656e-03  	   0.597721
4600  1.354e-03  	   0.597704
4700  1.089e-03  	   0.597686
4800  8.813e-04  	   0.597668
4900  7.214e-04  	   0.59765 
5000  5.836e-04  	   0.597632
5100  4.734e-04  	   0.596524
5200  3.807e-04  	   0.595415
5300  3.108e-04  	   0.594306
5400  2.517e-04  	   0.593197
