#   Qstar cross-section for 13 TeV for f = 1.0 at interval of 50 GeV and eff for given cut
#(GeV)   (pb)
Mass Qstar_f1p0_NoDEta  Qstar_f1p0_Eff
1000  1.635e+01          0.577752
1100  1.068e+01  	 0.590682
1200  7.036e+00  	 0.603612
1300  4.827e+00  	 0.616542
1400  3.363e+00    	 0.629472
1500  2.373e+00  	 0.642401
1600  1.709e+00  	 0.655331
1700  1.243e+00  	 0.668261
1800  9.292e-01  	 0.681191
1900  6.885e-01  	 0.69412 
2000  5.244e-01  	 0.70705 
2100  3.951e-01  	 0.710077
2200  3.010e-01  	 0.713104
2300  2.322e-01 	 0.716131
2400  1.805e-01   	 0.719157
2500  1.402e-01  	 0.722184
2600  1.099e-01  	 0.725211
2700  8.650e-02		 0.728238
2800  6.787e-02    	 0.731265
2900  5.372e-02 	 0.734292
3000  4.273e-02   	 0.737318
3100  3.391e-02 	 0.737954
3200  2.720e-02   	 0.73859 
3300  2.186e-02  	 0.739226
3400  1.744e-02  	 0.739862
3500  1.417e-02  	 0.740498
3600  1.126e-02  	 0.741134
3700  9.062e-03 	 0.74177 
3800  7.276e-03   	 0.742406
3900  5.911e-03  	 0.743042
4000  4.814e-03  	 0.743678
4100  3.870e-03  	 0.744059
4200  3.156e-03  	 0.74444 
4300  2.554e-03  	 0.744821
4400  2.057e-03  	 0.745201
4500  1.656e-03  	 0.745582
4600  1.354e-03  	 0.745963
4700  1.089e-03  	 0.746344
4800  8.813e-04  	 0.746725
4900  7.214e-04  	 0.747106
5000  5.836e-04  	 0.747486
5100  4.734e-04  	 0.746026
5200  3.807e-04  	 0.744565
5300  3.108e-04  	 0.743104
5400  2.517e-04  	 0.741643
