*************************************************************************
for DEta_Opti/ ===>>>>> DEta_1.0
*************************************************************************

Mass    Eff
500    0.201585
600    0.228539
700    0.255494
800    0.282448
900    0.309403
1000    0.336357
1100    0.34128
1200    0.346203
1300    0.351126
1400    0.356049
1500    0.360972
1600    0.365895
1700    0.370818
1800    0.375741
1900    0.380664
2000    0.385587
2100    0.386547
2200    0.387506
2300    0.388466
2400    0.389425
2500    0.390385
2600    0.391344
2700    0.392304
2800    0.393263
2900    0.394223
3000    0.395182
3100    0.394444
3200    0.393705
3300    0.392966
3400    0.392228
3500    0.391489
3600    0.390751
3700    0.390012
3800    0.389274
3900    0.388535
4000    0.387796
4100    0.387912
4200    0.388028
4300    0.388144
4400    0.388259
4500    0.388375
4600    0.388491
4700    0.388607
4800    0.388722
4900    0.388838
5000    0.388954
5100    0.388241
5200    0.387529
5300    0.386816
5400    0.386104
5500    0.385392
5600    0.384679
5700    0.383967
5800    0.383254
5900    0.382542
6000    0.381829
6100    0.380081
6200    0.378333
6300    0.376585
6400    0.374836
6500    0.373088
6600    0.37134
6700    0.369592
6800    0.367843
6900    0.366095
7000    0.364347
7100    0.363482
7200    0.362618
7300    0.361753
7400    0.360888
7500    0.360024
7600    0.359159
7700    0.358294
7800    0.357429
7900    0.356565
8000    0.3557
8100    0.357475
8200    0.35925
8300    0.361025
8400    0.3628
8500    0.364575
8600    0.36635
8700    0.368125
8800    0.3699
8900    0.371674
9000    0.373449

*************************************************************************

*************************************************************************
for DEta_Opti/ ===>>>>> DEta_1.2
*************************************************************************

Mass    Eff
500    0.226704
600    0.259117
700    0.29153
800    0.323943
900    0.356356
1000    0.388769
1100    0.394427
1200    0.400086
1300    0.405744
1400    0.411402
1500    0.41706
1600    0.422719
1700    0.428377
1800    0.434035
1900    0.439693
2000    0.445352
2100    0.446472
2200    0.447593
2300    0.448714
2400    0.449834
2500    0.450955
2600    0.452076
2700    0.453196
2800    0.454317
2900    0.455438
3000    0.456558
3100    0.455812
3200    0.455065
3300    0.454318
3400    0.453572
3500    0.452825
3600    0.452079
3700    0.451332
3800    0.450585
3900    0.449839
4000    0.449092
4100    0.449362
4200    0.449631
4300    0.449901
4400    0.45017
4500    0.45044
4600    0.450709
4700    0.450978
4800    0.451248
4900    0.451517
5000    0.451787
5100    0.450831
5200    0.449875
5300    0.44892
5400    0.447964
5500    0.447008
5600    0.446053
5700    0.445097
5800    0.444141
5900    0.443186
6000    0.44223
6100    0.440315
6200    0.4384
6300    0.436485
6400    0.434571
6500    0.432656
6600    0.430741
6700    0.428826
6800    0.426911
6900    0.424997
7000    0.423082
7100    0.422101
7200    0.42112
7300    0.420139
7400    0.419158
7500    0.418178
7600    0.417197
7700    0.416216
7800    0.415235
7900    0.414254
8000    0.413273
8100    0.415122
8200    0.416971
8300    0.41882
8400    0.420669
8500    0.422518
8600    0.424367
8700    0.426216
8800    0.428064
8900    0.429913
9000    0.431762

*************************************************************************

*************************************************************************
for DEta_Opti/ ===>>>>> DEta_1.5
*************************************************************************

Mass    Eff
500    0.248609
600    0.289739
700    0.330869
800    0.371999
900    0.413129
1000    0.454259
1100    0.461037
1200    0.467814
1300    0.474592
1400    0.48137
1500    0.488148
1600    0.494925
1700    0.501703
1800    0.508481
1900    0.515258
2000    0.522036
2100    0.523492
2200    0.524947
2300    0.526402
2400    0.527858
2500    0.529313
2600    0.530768
2700    0.532224
2800    0.533679
2900    0.535134
3000    0.53659
3100    0.535999
3200    0.535409
3300    0.534818
3400    0.534228
3500    0.533637
3600    0.533047
3700    0.532456
3800    0.531866
3900    0.531275
4000    0.530685
4100    0.530808
4200    0.530932
4300    0.531055
4400    0.531179
4500    0.531303
4600    0.531426
4700    0.53155
4800    0.531674
4900    0.531797
5000    0.531921
5100    0.530828
5200    0.529736
5300    0.528643
5400    0.527551
5500    0.526458
5600    0.525365
5700    0.524273
5800    0.52318
5900    0.522088
6000    0.520995
6100    0.518985
6200    0.516975
6300    0.514965
6400    0.512955
6500    0.510945
6600    0.508935
6700    0.506925
6800    0.504915
6900    0.502905
7000    0.500895
7100    0.499559
7200    0.498224
7300    0.496888
7400    0.495552
7500    0.494217
7600    0.492881
7700    0.491546
7800    0.49021
7900    0.488874
8000    0.487539
8100    0.489683
8200    0.491827
8300    0.493971
8400    0.496115
8500    0.498258
8600    0.500402
8700    0.502546
8800    0.50469
8900    0.506834
9000    0.508978

*************************************************************************

*************************************************************************
for DEta_Opti/ ===>>>>> DEta_1.8
*************************************************************************

Mass    Eff
500    0.256907
600    0.305893
700    0.354879
800    0.403865
900    0.452852
1000    0.501838
1100    0.50978
1200    0.517723
1300    0.525666
1400    0.533608
1500    0.541551
1600    0.549493
1700    0.557436
1800    0.565378
1900    0.573321
2000    0.581264
2100    0.583065
2200    0.584867
2300    0.586669
2400    0.588471
2500    0.590272
2600    0.592074
2700    0.593876
2800    0.595677
2900    0.597479
3000    0.599281
3100    0.599134
3200    0.598987
3300    0.59884
3400    0.598693
3500    0.598546
3600    0.598399
3700    0.598252
3800    0.598105
3900    0.597958
4000    0.597811
4100    0.597793
4200    0.597775
4300    0.597757
4400    0.597739
4500    0.597721
4600    0.597704
4700    0.597686
4800    0.597668
4900    0.59765
5000    0.597632
5100    0.596524
5200    0.595415
5300    0.594306
5400    0.593197
5500    0.592088
5600    0.59098
5700    0.589871
5800    0.588762
5900    0.587653
6000    0.586544
6100    0.584205
6200    0.581865
6300    0.579526
6400    0.577187
6500    0.574847
6600    0.572508
6700    0.570168
6800    0.567829
6900    0.565489
7000    0.56315
7100    0.561607
7200    0.560065
7300    0.558522
7400    0.556979
7500    0.555437
7600    0.553894
7700    0.552352
7800    0.550809
7900    0.549266
8000    0.547724
8100    0.549949
8200    0.552175
8300    0.5544
8400    0.556626
8500    0.558851
8600    0.561077
8700    0.563302
8800    0.565528
8900    0.567753
9000    0.569978

*************************************************************************

*************************************************************************
for DEta_Opti/ ===>>>>> DEta_2.0
*************************************************************************

Mass    Eff
500    0.259839
600    0.313136
700    0.366432
800    0.419729
900    0.473026
1000    0.526323
1100    0.53501
1200    0.543697
1300    0.552385
1400    0.561072
1500    0.569759
1600    0.578447
1700    0.587134
1800    0.595821
1900    0.604509
2000    0.613196
2100    0.615144
2200    0.617092
2300    0.61904
2400    0.620988
2500    0.622936
2600    0.624884
2700    0.626833
2800    0.628781
2900    0.630729
3000    0.632677
3100    0.63278
3200    0.632884
3300    0.632987
3400    0.633091
3500    0.633194
3600    0.633298
3700    0.633401
3800    0.633505
3900    0.633608
4000    0.633712
4100    0.633927
4200    0.634142
4300    0.634357
4400    0.634572
4500    0.634787
4600    0.635002
4700    0.635217
4800    0.635432
4900    0.635647
5000    0.635862
5100    0.634482
5200    0.633102
5300    0.631722
5400    0.630342
5500    0.628962
5600    0.627582
5700    0.626202
5800    0.624822
5900    0.623442
6000    0.622062
6100    0.619446
6200    0.616831
6300    0.614216
6400    0.611601
6500    0.608985
6600    0.60637
6700    0.603755
6800    0.601139
6900    0.598524
7000    0.595909
7100    0.594528
7200    0.593147
7300    0.591767
7400    0.590386
7500    0.589005
7600    0.587625
7700    0.586244
7800    0.584863
7900    0.583482
8000    0.582102
8100    0.584173
8200    0.586245
8300    0.588317
8400    0.590389
8500    0.592461
8600    0.594532
8700    0.596604
8800    0.598676
8900    0.600748
9000    0.602819

*************************************************************************

*************************************************************************
for DEta_Opti/ ===>>>>> DEta_2.2
*************************************************************************

Mass    Eff
500    0.261982
600    0.318542
700    0.375101
800    0.43166
900    0.48822
1000    0.544779
1100    0.554123
1200    0.563467
1300    0.572811
1400    0.582155
1500    0.591499
1600    0.600843
1700    0.610187
1800    0.619531
1900    0.628875
2000    0.638219
2100    0.640383
2200    0.642547
2300    0.644712
2400    0.646876
2500    0.64904
2600    0.651204
2700    0.653368
2800    0.655532
2900    0.657696
3000    0.65986
3100    0.660194
3200    0.660527
3300    0.66086
3400    0.661193
3500    0.661527
3600    0.66186
3700    0.662193
3800    0.662526
3900    0.662859
4000    0.663193
4100    0.663404
4200    0.663616
4300    0.663827
4400    0.664038
4500    0.66425
4600    0.664461
4700    0.664673
4800    0.664884
4900    0.665096
5000    0.665307
5100    0.663965
5200    0.662622
5300    0.66128
5400    0.659937
5500    0.658595
5600    0.657252
5700    0.65591
5800    0.654568
5900    0.653225
6000    0.651883
6100    0.648989
6200    0.646096
6300    0.643202
6400    0.640309
6500    0.637415
6600    0.634522
6700    0.631629
6800    0.628735
6900    0.625842
7000    0.622948
7100    0.621695
7200    0.620443
7300    0.61919
7400    0.617937
7500    0.616684
7600    0.615431
7700    0.614178
7800    0.612926
7900    0.611673
8000    0.61042
8100    0.612438
8200    0.614456
8300    0.616473
8400    0.618491
8500    0.620509
8600    0.622526
8700    0.624544
8800    0.626562
8900    0.62858
9000    0.630597

*************************************************************************

*************************************************************************
for DEta_Opti/ ===>>>>> DEta_2.5
*************************************************************************

Mass    Eff
500    0.264204
600    0.324001
700    0.383797
800    0.443594
900    0.50339
1000    0.563187
1100    0.573591
1200    0.583995
1300    0.594398
1400    0.604802
1500    0.615206
1600    0.62561
1700    0.636014
1800    0.646417
1900    0.656821
2000    0.667225
2100    0.669759
2200    0.672292
2300    0.674826
2400    0.677359
2500    0.679893
2600    0.682427
2700    0.68496
2800    0.687494
2900    0.690027
3000    0.692561
3100    0.692847
3200    0.693133
3300    0.69342
3400    0.693706
3500    0.693992
3600    0.694279
3700    0.694565
3800    0.694851
3900    0.695138
4000    0.695424
4100    0.695862
4200    0.6963
4300    0.696737
4400    0.697175
4500    0.697613
4600    0.698051
4700    0.698489
4800    0.698927
4900    0.699365
5000    0.699802
5100    0.69844
5200    0.697078
5300    0.695716
5400    0.694354
5500    0.692992
5600    0.69163
5700    0.690268
5800    0.688906
5900    0.687544
6000    0.686181
6100    0.683316
6200    0.68045
6300    0.677584
6400    0.674719
6500    0.671853
6600    0.668987
6700    0.666122
6800    0.663256
6900    0.66039
7000    0.657525
7100    0.655981
7200    0.654438
7300    0.652894
7400    0.65135
7500    0.649807
7600    0.648263
7700    0.64672
7800    0.645176
7900    0.643633
8000    0.642089
8100    0.64412
8200    0.64615
8300    0.648181
8400    0.650211
8500    0.652242
8600    0.654272
8700    0.656303
8800    0.658334
8900    0.660364
9000    0.662395

*************************************************************************

*************************************************************************
for DEta_Opti/ ===>>>>> NoDEta
*************************************************************************

Mass    Eff
500    0.266273
600    0.328569
700    0.390865
800    0.453161
900    0.515457
1000    0.577752
1100    0.590682
1200    0.603612
1300    0.616542
1400    0.629472
1500    0.642401
1600    0.655331
1700    0.668261
1800    0.681191
1900    0.69412
2000    0.70705
2100    0.710077
2200    0.713104
2300    0.716131
2400    0.719157
2500    0.722184
2600    0.725211
2700    0.728238
2800    0.731265
2900    0.734292
3000    0.737318
3100    0.737954
3200    0.73859
3300    0.739226
3400    0.739862
3500    0.740498
3600    0.741134
3700    0.74177
3800    0.742406
3900    0.743042
4000    0.743678
4100    0.744059
4200    0.74444
4300    0.744821
4400    0.745201
4500    0.745582
4600    0.745963
4700    0.746344
4800    0.746725
4900    0.747106
5000    0.747486
5100    0.746026
5200    0.744565
5300    0.743104
5400    0.741643
5500    0.740183
5600    0.738722
5700    0.737261
5800    0.7358
5900    0.73434
6000    0.732879
6100    0.729775
6200    0.726671
6300    0.723567
6400    0.720463
6500    0.717359
6600    0.714255
6700    0.711151
6800    0.708047
6900    0.704943
7000    0.701839
7100    0.700312
7200    0.698784
7300    0.697256
7400    0.695728
7500    0.694201
7600    0.692673
7700    0.691145
7800    0.689618
7900    0.68809
8000    0.686562
8100    0.688566
8200    0.690571
8300    0.692575
8400    0.69458
8500    0.696584
8600    0.698589
8700    0.700593
8800    0.702598
8900    0.704602
9000    0.706607

*************************************************************************

