#   Qstar cross-section for 13 TeV for f = 1.0 at interval of 50 GeV and eff for given cut
#(GeV)   (pb)
Mass Qstar_f1p0_DEta_1.5  Qstar_f1p0_Eff
1000  1.635e+01            0.454259
1100  1.068e+01  	   0.461037
1200  7.036e+00  	   0.467814
1300  4.827e+00  	   0.474592
1400  3.363e+00    	   0.48137 
1500  2.373e+00  	   0.488148
1600  1.709e+00  	   0.494925
1700  1.243e+00  	   0.501703
1800  9.292e-01  	   0.508481
1900  6.885e-01  	   0.515258
2000  5.244e-01  	   0.522036
2100  3.951e-01  	   0.523492
2200  3.010e-01  	   0.524947
2300  2.322e-01 	   0.526402
2400  1.805e-01   	   0.527858
2500  1.402e-01  	   0.529313
2600  1.099e-01  	   0.530768
2700  8.650e-02		   0.532224
2800  6.787e-02    	   0.533679
2900  5.372e-02 	   0.535134
3000  4.273e-02   	   0.53659 
3100  3.391e-02 	   0.535999
3200  2.720e-02   	   0.535409
3300  2.186e-02  	   0.534818
3400  1.744e-02  	   0.534228
3500  1.417e-02  	   0.533637
3600  1.126e-02  	   0.533047
3700  9.062e-03 	   0.532456
3800  7.276e-03   	   0.531866
3900  5.911e-03  	   0.531275
4000  4.814e-03  	   0.530685
4100  3.870e-03  	   0.530808
4200  3.156e-03  	   0.530932
4300  2.554e-03  	   0.531055
4400  2.057e-03  	   0.531179
4500  1.656e-03  	   0.531303
4600  1.354e-03  	   0.531426
4700  1.089e-03  	   0.53155 
4800  8.813e-04  	   0.531674
4900  7.214e-04  	   0.531797
5000  5.836e-04  	   0.531921
5100  4.734e-04  	   0.530828
5200  3.807e-04  	   0.529736
5300  3.108e-04  	   0.528643
5400  2.517e-04  	   0.527551
