#   Qstar cross-section for 13 TeV for f = 1.0 at interval of 50 GeV and eff for given cut
#(GeV)   (pb)
Mass Qstar_f1p0_DEta_2.0  Qstar_f1p0_Eff
1000  1.635e+01            0.526323
1100  1.068e+01  	   0.53501 
1200  7.036e+00  	   0.543697
1300  4.827e+00  	   0.552385
1400  3.363e+00    	   0.561072
1500  2.373e+00  	   0.569759
1600  1.709e+00  	   0.578447
1700  1.243e+00  	   0.587134
1800  9.292e-01  	   0.595821
1900  6.885e-01  	   0.604509
2000  5.244e-01  	   0.613196
2100  3.951e-01  	   0.615144
2200  3.010e-01  	   0.617092
2300  2.322e-01 	   0.61904 
2400  1.805e-01   	   0.620988
2500  1.402e-01  	   0.622936
2600  1.099e-01  	   0.624884
2700  8.650e-02		   0.626833
2800  6.787e-02    	   0.628781
2900  5.372e-02 	   0.630729
3000  4.273e-02   	   0.632677
3100  3.391e-02 	   0.63278 
3200  2.720e-02   	   0.632884
3300  2.186e-02  	   0.632987
3400  1.744e-02  	   0.633091
3500  1.417e-02  	   0.633194
3600  1.126e-02  	   0.633298
3700  9.062e-03 	   0.633401
3800  7.276e-03   	   0.633505
3900  5.911e-03  	   0.633608
4000  4.814e-03  	   0.633712
4100  3.870e-03  	   0.633927
4200  3.156e-03  	   0.634142
4300  2.554e-03  	   0.634357
4400  2.057e-03  	   0.634572
4500  1.656e-03  	   0.634787
4600  1.354e-03  	   0.635002
4700  1.089e-03  	   0.635217
4800  8.813e-04  	   0.635432
4900  7.214e-04  	   0.635647
5000  5.836e-04  	   0.635862
5100  4.734e-04  	   0.634482
5200  3.807e-04  	   0.633102
5300  3.108e-04  	   0.631722
5400  2.517e-04  	   0.630342
