masses = 
array('d', [1000.0, 1200.0, 1400.0, 1600.0, 1800.0, 2000.0, 2200.0, 2400.0, 2600.0, 2800.0, 3000.0, 3200.0, 3400.0, 3600.0, 3800.0, 4000.0, 4200.0, 4400.0, 4600.0, 4800.0, 5000.0, 5200.0, 5400.0])

xs_obs_limits  = 
array('d', [0.0358287, 0.028908, 0.0299882, 0.0228818, 0.0263926, 0.0242519, 0.0111218, 0.00796278, 0.00340258, 0.00323503, 0.00305676, 0.00259461, 0.00194774, 0.00205362, 0.00191006, 0.00160518, 0.00147694, 0.00140558, 0.00137932, 0.00142995, 0.0014136, 0.00139592, 0.00137765])

xs_exp_limits = 
array('d', [0.0634588, 0.0397915, 0.0274431, 0.0189898, 0.0142143, 0.00917415, 0.00756611, 0.0060682, 0.00511302, 0.00430562, 0.0033858, 0.00299268, 0.00258906, 0.00236565, 0.00217617, 0.00205313, 0.00186991, 0.00169143, 0.00162074, 0.00153837, 0.0014903, 0.00151204, 0.00141419])

masses_exp = 
array('d', [1000.0, 1200.0, 1400.0, 1600.0, 1800.0, 2000.0, 2200.0, 2400.0, 2600.0, 2800.0, 3000.0, 3200.0, 3400.0, 3600.0, 3800.0, 4000.0, 4200.0, 4400.0, 4600.0, 4800.0, 5000.0, 5200.0, 5400.0, 5400.0, 5200.0, 5000.0, 4800.0, 4600.0, 4400.0, 4200.0, 4000.0, 3800.0, 3600.0, 3400.0, 3200.0, 3000.0, 2800.0, 2600.0, 2400.0, 2200.0, 2000.0, 1800.0, 1600.0, 1400.0, 1200.0, 1000.0])

xs_exp_limits_1sigma  = 
array('d', [0.0442118, 0.0288314, 0.0182408, 0.0141221, 0.0102659, 0.00682042, 0.00534779, 0.0042693, 0.00339393, 0.00303226, 0.0024659, 0.00219478, 0.00198559, 0.00176842, 0.00160751, 0.0015017, 0.00144531, 0.00140296, 0.00135671, 0.00133419, 0.00132291, 0.00131545, 0.001292, 0.00189726, 0.0020117, 0.00200784, 0.00202824, 0.00213783, 0.00232216, 0.00245064, 0.00266566, 0.00295406, 0.00323794, 0.0036444, 0.00417527, 0.00454874, 0.00626662, 0.00732627, 0.00831365, 0.0104429, 0.0129074, 0.0199484, 0.0274443, 0.0398254, 0.0531401, 0.0849879])

xs_exp_limits_2sigma = 
array('d', [0.0339419, 0.0194559, 0.0144449, 0.0107487, 0.00754247, 0.00478336, 0.00410136, 0.00302431, 0.0028812, 0.00250166, 0.00188201, 0.00171414, 0.00158385, 0.00151572, 0.00143478, 0.00135484, 0.00133042, 0.00129338, 0.00128745, 0.00125418, 0.00125492, 0.00126471, 0.00124983, 0.00219184, 0.00256442, 0.00242982, 0.00255497, 0.00275459, 0.00312316, 0.00328639, 0.00345008, 0.00393743, 0.00423902, 0.00485302, 0.00549576, 0.00641509, 0.00835876, 0.00941428, 0.0112188, 0.0140886, 0.0169546, 0.0249917, 0.0342462, 0.0507098, 0.0700808, 0.110612])

xs_qstar_f0p5     = array('d', [ 4.137e+00, 2.642e+00, 1.768e+00, 1.217e+00, 8.445e-01, 6.012e-01, 4.345e-01, 3.179e-01, 2.342e-01, 1.765e-01,
                                 1.328e-01, 1.005e-01, 7.712e-02, 5.922e-02, 4.583e-02, 3.601e-02, 2.799e-02, 2.206e-02, 1.746e-02, 1.378e-02,
                                  1.096e-02, 8.642e-03, 7.002e-03, 5.531e-03, 4.407e-03, 3.554e-03, 2.860e-03, 2.302e-03, 1.851e-03, 1.488e-03,
                                  1.211e-03, 9.753e-04, 7.847e-04, 6.374e-04, 5.156e-04, 4.187e-04, 3.360e-04, 2.728e-04, 2.189e-04, 1.770e-04,
                                  1.437e-04])

#Taken same for all f = 0.1, 0.5 and 1.0 as not much difference
eff_qstar_LID    = array('d',  [ 0.488302,  0.49915,   0.51,      0.52,     0.53,      0.54,      0.55,      0.56,      0.57,      0.5793, 
                                 0.58861,   0.59115,   0.5937,    0.59634,   0.599,     0.60195,   0.6049,    0.60745,   0.61,      0.5993,
                                 0.615333,  0.61636,   0.6174,    0.61845,   0.6195,    0.62065,   0.6218,    0.62295,   0.6241,    0.62511,
                                 0.626118,  0.62584,   0.625565,  0.625537,  0.62551,   0.62538,   0.62525,   0.625065,  0.62488,   0.62474,
                                 0.624607])

