masses = 
array('d', [1000.0, 1200.0, 1400.0, 1600.0, 1800.0, 2000.0, 2200.0, 2400.0, 2600.0, 2800.0, 3000.0, 3200.0, 3400.0, 3600.0, 3800.0, 4000.0, 4200.0, 4400.0, 4600.0, 4800.0, 5000.0, 5200.0, 5400.0])

xs_obs_limits  = 
array('d', [0.0342172, 0.0286537, 0.0284372, 0.0207648, 0.0250083, 0.0233782, 0.0103408, 0.00774566, 0.00322188, 0.00314437, 0.00295733, 0.00252371, 0.00186357, 0.00204071, 0.00189796, 0.00157957, 0.00145849, 0.001389, 0.00136628, 0.00141632, 0.00139346, 0.00137592, 0.00135984])

xs_exp_limits = 
array('d', [0.0600064, 0.0369641, 0.0250958, 0.0175956, 0.013085, 0.00878582, 0.007144, 0.00582527, 0.00466438, 0.00409728, 0.00319358, 0.00283142, 0.00243939, 0.00219535, 0.00210048, 0.00193973, 0.00177434, 0.00162138, 0.00155422, 0.00151111, 0.0014473, 0.0014124, 0.00143429])

masses_exp = 
array('d', [1000.0, 1200.0, 1400.0, 1600.0, 1800.0, 2000.0, 2200.0, 2400.0, 2600.0, 2800.0, 3000.0, 3200.0, 3400.0, 3600.0, 3800.0, 4000.0, 4200.0, 4400.0, 4600.0, 4800.0, 5000.0, 5200.0, 5400.0, 5400.0, 5200.0, 5000.0, 4800.0, 4600.0, 4400.0, 4200.0, 4000.0, 3800.0, 3600.0, 3400.0, 3200.0, 3000.0, 2800.0, 2600.0, 2400.0, 2200.0, 2000.0, 1800.0, 1600.0, 1400.0, 1200.0, 1000.0])

xs_exp_limits_1sigma  = 
array('d', [0.0412668, 0.0265673, 0.0175762, 0.0131667, 0.00958652, 0.0065503, 0.00500733, 0.00410985, 0.00341496, 0.00290319, 0.00247745, 0.00209854, 0.00192807, 0.00164836, 0.00154695, 0.00146523, 0.00140987, 0.0013679, 0.00135057, 0.00132898, 0.00130183, 0.00130443, 0.00128332, 0.00180345, 0.00192552, 0.00194755, 0.00202227, 0.00211855, 0.00223531, 0.00239486, 0.00260635, 0.00284151, 0.00333197, 0.00349666, 0.00401312, 0.00466293, 0.00607462, 0.006692, 0.00799113, 0.00981488, 0.0122812, 0.018925, 0.025696, 0.0363242, 0.0481955, 0.0804988])

xs_exp_limits_2sigma = 
array('d', [0.03203, 0.0185437, 0.0138774, 0.00951358, 0.00745857, 0.00457367, 0.00403393, 0.00290908, 0.00275456, 0.00240848, 0.00186778, 0.00161362, 0.0014956, 0.00142014, 0.00141402, 0.00134563, 0.00131669, 0.00129405, 0.00127382, 0.00125515, 0.00125146, 0.001227, 0.00123314, 0.00210612, 0.0022029, 0.00240952, 0.00252786, 0.00269475, 0.00300338, 0.00317466, 0.00345304, 0.00373793, 0.00439212, 0.00438877, 0.00521078, 0.00624415, 0.00820233, 0.00892996, 0.010786, 0.0132184, 0.0161852, 0.0233401, 0.0325233, 0.0524213, 0.0657578, 0.104862])

xs_qstar_f0p1     = array('d',  [ 1.655e-01, 1.057e-01, 7.134e-02, 4.932e-02, 3.421e-02, 2.440e-02, 1.750e-02, 1.284e-02, 9.433e-03, 7.075e-03,
                                 5.298e-03, 4.025e-03, 3.107e-03, 2.374e-03, 1.861e-03, 1.431e-03, 1.130e-03, 8.902e-04, 7.051e-04, 5.527e-04,
                                   4.363e-04, 3.511e-04, 2.784e-04, 2.232e-04, 1.791e-04, 1.435e-04, 1.148e-04, 9.267e-05, 7.459e-05, 6.014e-05,
                                   4.852e-05, 3.902e-05, 3.157e-05, 2.536e-05, 2.058e-05, 1.677e-05, 1.344e-05, 1.087e-05, 8.690e-06, 7.102e-06, 
                                   5.739e-06])

#Taken same for all f = 0.1, 0.5 and 1.0 as not much difference
eff_qstar_LID    = array('d',  [ 0.488302,  0.49915,   0.51,      0.52,     0.53,      0.54,      0.55,      0.56,      0.57,      0.5793, 
                                 0.58861,   0.59115,   0.5937,    0.59634,   0.599,     0.60195,   0.6049,    0.60745,   0.61,      0.5993,
                                 0.615333,  0.61636,   0.6174,    0.61845,   0.6195,    0.62065,   0.6218,    0.62295,   0.6241,    0.62511,
                                 0.626118,  0.62584,   0.625565,  0.625537,  0.62551,   0.62538,   0.62525,   0.625065,  0.62488,   0.62474,
                                 0.624607])

