masses = 
array('d', [1000.0, 1200.0, 1400.0, 1600.0, 1800.0, 2000.0, 2200.0, 2400.0, 2600.0, 2800.0, 3000.0, 3200.0, 3400.0, 3600.0, 3800.0, 4000.0, 4200.0, 4400.0, 4600.0, 4800.0, 5000.0, 5200.0, 5400.0])

xs_obs_limits  = 
array('d', [0.0400255, 0.0335698, 0.0366197, 0.0309246, 0.0323951, 0.0275996, 0.0134593, 0.00852663, 0.00386713, 0.00356322, 0.00333334, 0.002743, 0.00223023, 0.00214148, 0.00196558, 0.00171071, 0.00153965, 0.00146057, 0.00140387, 0.00137167, 0.00137552, 0.00136663, 0.0014239])

xs_exp_limits = 
array('d', [0.0753898, 0.0481741, 0.0331191, 0.0228193, 0.0168115, 0.0110654, 0.00836895, 0.00696791, 0.00545557, 0.00469033, 0.00389036, 0.00333766, 0.00296295, 0.00251753, 0.00229563, 0.00213392, 0.00202398, 0.00186637, 0.00176224, 0.00162506, 0.00160681, 0.00155983, 0.00151451])

masses_exp = 
array('d', [1000.0, 1200.0, 1400.0, 1600.0, 1800.0, 2000.0, 2200.0, 2400.0, 2600.0, 2800.0, 3000.0, 3200.0, 3400.0, 3600.0, 3800.0, 4000.0, 4200.0, 4400.0, 4600.0, 4800.0, 5000.0, 5200.0, 5400.0, 5400.0, 5200.0, 5000.0, 4800.0, 4600.0, 4400.0, 4200.0, 4000.0, 3800.0, 3600.0, 3400.0, 3200.0, 3000.0, 2800.0, 2600.0, 2400.0, 2200.0, 2000.0, 1800.0, 1600.0, 1400.0, 1200.0, 1000.0])

xs_exp_limits_1sigma  = 
array('d', [0.0556791, 0.034296, 0.0226546, 0.0168, 0.0122775, 0.00834437, 0.00585152, 0.00488808, 0.00400916, 0.00347334, 0.00292542, 0.00246554, 0.00215404, 0.00190562, 0.00173677, 0.00157048, 0.00148674, 0.00145768, 0.00140231, 0.0013732, 0.00136946, 0.0013614, 0.00135007, 0.00200538, 0.00207958, 0.00212182, 0.00209974, 0.00228635, 0.00247011, 0.0026456, 0.00295388, 0.00303269, 0.00341805, 0.00413127, 0.00470363, 0.00560917, 0.00713875, 0.00843934, 0.00947565, 0.0124935, 0.0154206, 0.0238926, 0.033745, 0.0456901, 0.0637495, 0.104935])

xs_exp_limits_2sigma = 
array('d', [0.0402204, 0.0229533, 0.0190181, 0.0126229, 0.00898654, 0.0055623, 0.0045272, 0.0037742, 0.00333205, 0.00281111, 0.00227257, 0.00183896, 0.0017639, 0.00153834, 0.00143864, 0.00139636, 0.00133767, 0.00133109, 0.0012932, 0.0012943, 0.00129601, 0.00128195, 0.00129225, 0.00248205, 0.00247471, 0.00268562, 0.00269724, 0.00302142, 0.00330211, 0.00347472, 0.0038537, 0.00392481, 0.00454296, 0.00533445, 0.00613284, 0.00811228, 0.00881012, 0.0104857, 0.013546, 0.0160148, 0.0201772, 0.032697, 0.0421027, 0.0670475, 0.0852177, 0.13611])
