masses = 
array('d', [1000.0, 1050.0, 1100.0, 1150.0, 1200.0, 1250.0, 1300.0, 1350.0, 1400.0, 1450.0, 1500.0, 1550.0, 1600.0, 1650.0, 1700.0, 1750.0, 1800.0, 1850.0, 1900.0, 1950.0, 2000.0, 2050.0, 2100.0, 2150.0, 2200.0, 2250.0, 2300.0, 2350.0, 2400.0, 2450.0, 2500.0, 2550.0, 2600.0, 2650.0, 2700.0, 2750.0, 2800.0, 2850.0, 2900.0, 2950.0, 3000.0, 3050.0, 3100.0, 3150.0, 3200.0, 3250.0, 3300.0, 3350.0, 3400.0, 3450.0, 3500.0, 3550.0, 3600.0, 3650.0, 3700.0, 3750.0, 3800.0, 3850.0, 3900.0, 3950.0, 4000.0, 4050.0, 4100.0, 4150.0, 4200.0, 4250.0, 4300.0, 4350.0, 4400.0, 4450.0, 4500.0, 4550.0, 4600.0, 4650.0, 4700.0, 4750.0, 4800.0, 4850.0, 4900.0, 4950.0, 5000.0, 5050.0, 5100.0, 5150.0, 5200.0, 5250.0, 5300.0, 5350.0, 5400.0])

xs_obs_limits  = 
array('d', [0.0710387, 0.0544579, 0.0498107, 0.049064, 0.0450077, 0.0347116, 0.0270822, 0.0222348, 0.0209322, 0.0206801, 0.0203448, 0.0187709, 0.0167815, 0.0146247, 0.0133098, 0.015223, 0.0193618, 0.026177, 0.0289087, 0.028885, 0.0265733, 0.0239484, 0.0183791, 0.0114633, 0.00908403, 0.00920361, 0.00944507, 0.00935624, 0.00878377, 0.00768314, 0.00641148, 0.00505224, 0.00401972, 0.00336278, 0.00322418, 0.00313116, 0.00308772, 0.00306355, 0.00304562, 0.0030375, 0.00302092, 0.0030205, 0.00303194, 0.0029957, 0.00295124, 0.00281804, 0.00260661, 0.0024667, 0.00228293, 0.00216394, 0.00204812, 0.00191623, 0.00172683, 0.00163221, 0.00157458, 0.00152753, 0.00153858, 0.00145799, 0.00144037, 0.00141822, 0.00141855, 0.00140098, 0.00138484, 0.00136278, 0.00135049, 0.00133766, 0.00132703, 0.00131843, 0.00130914, 0.00130124, 0.00129379, 0.00128608, 0.00127839, 0.00127258, 0.00128071, 0.0012742, 0.00126986, 0.00133649, 0.00133183, 0.00132625, 0.00127463, 0.0012713, 0.00133824, 0.00133366, 0.00132941, 0.00132593, 0.00132211, 0.00131846, 0.0013149])

xs_exp_limits = 
array('d', [0.0776861, 0.0670369, 0.0587668, 0.0498317, 0.0424064, 0.0366065, 0.0343897, 0.0322773, 0.0317962, 0.0310524, 0.0289195, 0.0265281, 0.0233473, 0.0213742, 0.0192989, 0.0172573, 0.0164396, 0.014932, 0.0135437, 0.0127023, 0.0113607, 0.0102652, 0.00959864, 0.00903525, 0.00854879, 0.00807415, 0.00768018, 0.00714015, 0.00697542, 0.00655953, 0.00603585, 0.00556186, 0.00502038, 0.00478013, 0.00468099, 0.00439007, 0.00420592, 0.00402361, 0.00382271, 0.00364334, 0.00349395, 0.00323566, 0.00309087, 0.00288173, 0.00271595, 0.00269409, 0.00249161, 0.00240572, 0.00232868, 0.00223963, 0.00218129, 0.00200367, 0.00195128, 0.00195357, 0.00191674, 0.00183105, 0.00179133, 0.0017206, 0.00168091, 0.00165086, 0.00162546, 0.00157396, 0.00154913, 0.00153824, 0.00151803, 0.00149212, 0.00145583, 0.00142759, 0.00142042, 0.00138953, 0.00140017, 0.00137994, 0.00136687, 0.00136222, 0.00135294, 0.00133468, 0.00133733, 0.00133068, 0.00131792, 0.00130908, 0.0013345, 0.00133915, 0.00131418, 0.00132236, 0.00130622, 0.00130613, 0.00129918, 0.00129566, 0.00128713])

masses_exp = 
array('d', [1000.0, 1050.0, 1100.0, 1150.0, 1200.0, 1250.0, 1300.0, 1350.0, 1400.0, 1450.0, 1500.0, 1550.0, 1600.0, 1650.0, 1700.0, 1750.0, 1800.0, 1850.0, 1900.0, 1950.0, 2000.0, 2050.0, 2100.0, 2150.0, 2200.0, 2250.0, 2300.0, 2350.0, 2400.0, 2450.0, 2500.0, 2550.0, 2600.0, 2650.0, 2700.0, 2750.0, 2800.0, 2850.0, 2900.0, 2950.0, 3000.0, 3050.0, 3100.0, 3150.0, 3200.0, 3250.0, 3300.0, 3350.0, 3400.0, 3450.0, 3500.0, 3550.0, 3600.0, 3650.0, 3700.0, 3750.0, 3800.0, 3850.0, 3900.0, 3950.0, 4000.0, 4050.0, 4100.0, 4150.0, 4200.0, 4250.0, 4300.0, 4350.0, 4400.0, 4450.0, 4500.0, 4550.0, 4600.0, 4650.0, 4700.0, 4750.0, 4800.0, 4850.0, 4900.0, 4950.0, 5000.0, 5050.0, 5100.0, 5150.0, 5200.0, 5250.0, 5300.0, 5350.0, 5400.0, 5400.0, 5350.0, 5300.0, 5250.0, 5200.0, 5150.0, 5100.0, 5050.0, 5000.0, 4950.0, 4900.0, 4850.0, 4800.0, 4750.0, 4700.0, 4650.0, 4600.0, 4550.0, 4500.0, 4450.0, 4400.0, 4350.0, 4300.0, 4250.0, 4200.0, 4150.0, 4100.0, 4050.0, 4000.0, 3950.0, 3900.0, 3850.0, 3800.0, 3750.0, 3700.0, 3650.0, 3600.0, 3550.0, 3500.0, 3450.0, 3400.0, 3350.0, 3300.0, 3250.0, 3200.0, 3150.0, 3100.0, 3050.0, 3000.0, 2950.0, 2900.0, 2850.0, 2800.0, 2750.0, 2700.0, 2650.0, 2600.0, 2550.0, 2500.0, 2450.0, 2400.0, 2350.0, 2300.0, 2250.0, 2200.0, 2150.0, 2100.0, 2050.0, 2000.0, 1950.0, 1900.0, 1850.0, 1800.0, 1750.0, 1700.0, 1650.0, 1600.0, 1550.0, 1500.0, 1450.0, 1400.0, 1350.0, 1300.0, 1250.0, 1200.0, 1150.0, 1100.0, 1050.0, 1000.0])

xs_exp_limits_1sigma  = 
array('d', [0.0549413, 0.0502623, 0.0429657, 0.0357975, 0.0308626, 0.0281089, 0.0255464, 0.0244931, 0.0230495, 0.0210118, 0.019488, 0.0177671, 0.0163347, 0.0162522, 0.0143063, 0.0128615, 0.0113673, 0.0110076, 0.00946841, 0.00914644, 0.00816095, 0.00805948, 0.00743855, 0.00674748, 0.00643348, 0.00596894, 0.00572017, 0.00526969, 0.00504553, 0.00461874, 0.00436535, 0.00409026, 0.0037293, 0.00380616, 0.00350691, 0.0032292, 0.00318465, 0.00301896, 0.00277602, 0.00259406, 0.00251307, 0.00238142, 0.00228411, 0.00221707, 0.00212602, 0.00208169, 0.00198897, 0.00193505, 0.00183749, 0.0017841, 0.00171972, 0.00163546, 0.00159445, 0.00156079, 0.00151126, 0.00145232, 0.00143695, 0.00141219, 0.00140116, 0.00137767, 0.00138649, 0.00134903, 0.00134895, 0.00134052, 0.00132294, 0.00131603, 0.00130896, 0.00130008, 0.00129689, 0.00127989, 0.00128834, 0.00126886, 0.00126682, 0.00127043, 0.00125281, 0.00124914, 0.00124665, 0.00123209, 0.00123768, 0.00123138, 0.0012575, 0.0012585, 0.00125623, 0.00124759, 0.00124054, 0.00123931, 0.00123954, 0.00123632, 0.0012299, 0.00141211, 0.00143696, 0.00146629, 0.00146238, 0.00148019, 0.00146537, 0.0014798, 0.00148738, 0.00153169, 0.00147386, 0.00150793, 0.00149853, 0.0015221, 0.00157591, 0.00160486, 0.00167861, 0.00173539, 0.00174704, 0.00179703, 0.00190587, 0.00191076, 0.00193668, 0.00193896, 0.0019707, 0.0020092, 0.00206904, 0.00207055, 0.00211701, 0.00214783, 0.00216335, 0.00220266, 0.00224247, 0.0023589, 0.00242664, 0.0025188, 0.00260857, 0.00269852, 0.00276953, 0.00297465, 0.00300653, 0.00315888, 0.00339835, 0.00353361, 0.00382388, 0.00382708, 0.00403769, 0.00430459, 0.00443884, 0.0046502, 0.00481706, 0.00497382, 0.00528044, 0.00576577, 0.00615713, 0.0065697, 0.00693955, 0.00759291, 0.00825186, 0.00860389, 0.00911656, 0.00961541, 0.0103213, 0.0115484, 0.012165, 0.0120121, 0.0127779, 0.0129936, 0.0137886, 0.0147237, 0.0173034, 0.0191968, 0.020977, 0.0237055, 0.0252368, 0.0278772, 0.0308167, 0.0332726, 0.0377896, 0.038299, 0.0415283, 0.0426129, 0.0460314, 0.0483108, 0.0551255, 0.060552, 0.0680692, 0.0780232, 0.0921586, 0.110274])

xs_exp_limits_2sigma = 
array('d', [0.0411718, 0.0374985, 0.0333614, 0.0288436, 0.0226483, 0.0209762, 0.0211334, 0.0190119, 0.0162925, 0.0148895, 0.0130106, 0.0135208, 0.0119341, 0.0118858, 0.0113724, 0.00958731, 0.00858529, 0.00780612, 0.006723, 0.00731157, 0.00626685, 0.00567412, 0.00502638, 0.00479443, 0.00459024, 0.00448864, 0.00457909, 0.00423207, 0.00367139, 0.00347318, 0.0033663, 0.00321104, 0.00305344, 0.0029742, 0.00270491, 0.00259932, 0.00252077, 0.0024731, 0.00225634, 0.0022134, 0.00197597, 0.00195345, 0.00186812, 0.00180735, 0.00174791, 0.00166945, 0.00152872, 0.00153213, 0.00150982, 0.0014626, 0.00142269, 0.00139395, 0.00136885, 0.00135904, 0.00136677, 0.00134048, 0.00130658, 0.00129568, 0.0013019, 0.00129716, 0.00127589, 0.00127566, 0.00126541, 0.00127604, 0.0012541, 0.00125894, 0.001241, 0.00121847, 0.00123568, 0.00122585, 0.00123538, 0.0012101, 0.00122114, 0.00122355, 0.00119615, 0.00120686, 0.001187, 0.00119055, 0.00118512, 0.00118798, 0.00120837, 0.00119717, 0.00121778, 0.00119402, 0.00119981, 0.00118713, 0.00118741, 0.00118945, 0.00119541, 0.0018758, 0.0019057, 0.00203051, 0.00202112, 0.00205945, 0.00208751, 0.00208037, 0.00209237, 0.00220809, 0.00213898, 0.00218008, 0.00208155, 0.002193, 0.00224008, 0.00226941, 0.00233831, 0.00238217, 0.00231274, 0.00242088, 0.00240989, 0.00244739, 0.00251356, 0.00254074, 0.00251063, 0.00251836, 0.00275502, 0.00272035, 0.00270772, 0.00269925, 0.00276989, 0.00289438, 0.00294847, 0.0030712, 0.00308738, 0.00323276, 0.00343001, 0.00327921, 0.0037193, 0.00410684, 0.00387689, 0.00415576, 0.00468674, 0.00505272, 0.00504128, 0.00557776, 0.00577333, 0.00605259, 0.00608171, 0.00646424, 0.00698168, 0.00740312, 0.00755595, 0.00856744, 0.00928958, 0.00932031, 0.010152, 0.010552, 0.011104, 0.0110804, 0.0117878, 0.012222, 0.0133847, 0.0144131, 0.0155345, 0.0158909, 0.0165322, 0.0175644, 0.0184408, 0.0192659, 0.0223712, 0.0262, 0.0277888, 0.030738, 0.0340903, 0.0377398, 0.0405862, 0.0427591, 0.0442866, 0.0490145, 0.0540822, 0.0544263, 0.06297, 0.0766856, 0.077898, 0.0826864, 0.0882951, 0.101405, 0.121252, 0.156897])
