# Qstar selection efficiency for f = 1.0 Run2015BCD_13TeV_76X used for FinalResults in EXO-15-016
#   (GeV)    eff
Mass Qstar_f1p0_Eff
1000  0.488178
1050  0.492906 
1100  0.497633
1150  0.502361
1200  0.507088
1250  0.511816 
1300  0.516543
1350  0.521271
1400  0.525998
1450  0.530726
1500  0.535454 
1550  0.540181 
1600  0.544909 
1650  0.549636 
1700  0.554364 
1750  0.559091
1800  0.563819 
1850  0.568546 
1900  0.573274 
1950  0.578001 
2000  0.582729 
2050  0.583534 
2100  0.584339 
2150  0.585144 
2200  0.585949
2250  0.586754
2300  0.587559 
2350  0.588364 
2400  0.589169 
2450  0.589974  
2500  0.590779 
2550  0.591584 
2600  0.592389 
2650  0.593194 
2700  0.593999 
2750  0.594804 
2800  0.595609 
2850  0.596414 
2900  0.597219 
2950  0.598024 
3000  0.598829 
3050  0.598926 
3100  0.599022 
3150  0.599119 
3200  0.599216 
3250  0.599313 
3300  0.599409 
3350  0.599506 
3400  0.599603 
3450  0.599700 
3500  0.599796 
3550  0.599893 
3600  0.599990 
3650  0.600087
3700  0.600183
3750  0.600280
3800  0.600377
3850  0.600474
3900  0.600571
3950  0.600667
4000  0.600764 
4050  0.600632 
4100  0.600500 
4150  0.600368 
4200  0.600237 
4250  0.600105 
4300  0.599973 
4350  0.599841 
4400  0.599709 
4450  0.599577                         
4500  0.599445 
4550  0.599314
4600  0.599182 
4650  0.599050 
4700  0.598918 
4750  0.598786
4800  0.598654
4850  0.598523
4900  0.598391 
4950  0.598259
5000  0.598127 
5050  0.597394 
5100  0.596661
5150  0.595928 
5200  0.595195 
5250  0.594462
5300  0.593729 
5350  0.592996
5400  0.592263 
5450
5500
5550
5600
5650
5700
5750
5800
5850
5900
5950
6000
6050
6100
6150
6200
6250
6300
6350
6400
6450
6500
6550
6600
6650
6700
6750
6800
6850
6900
6950
7000
