#   Qstar cross-section for 13 TeV for f = 1.0 at interval of 50 GeV and eff for given cut
#(GeV)   (pb)
Mass Qstar_f1p0_DEta_1.2  Qstar_f1p0_Eff
1000  1.635e+01            0.388769
1100  1.068e+01  	   0.394427
1200  7.036e+00  	   0.400086
1300  4.827e+00  	   0.405744
1400  3.363e+00    	   0.411402
1500  2.373e+00  	   0.41706 
1600  1.709e+00  	   0.422719
1700  1.243e+00  	   0.428377
1800  9.292e-01  	   0.434035
1900  6.885e-01  	   0.439693
2000  5.244e-01  	   0.445352
2100  3.951e-01  	   0.446472
2200  3.010e-01  	   0.447593
2300  2.322e-01 	   0.448714
2400  1.805e-01   	   0.449834
2500  1.402e-01  	   0.450955
2600  1.099e-01  	   0.452076
2700  8.650e-02		   0.453196
2800  6.787e-02    	   0.454317
2900  5.372e-02 	   0.455438
3000  4.273e-02   	   0.456558
3100  3.391e-02 	   0.455812
3200  2.720e-02   	   0.455065
3300  2.186e-02  	   0.454318
3400  1.744e-02  	   0.453572
3500  1.417e-02  	   0.452825
3600  1.126e-02  	   0.452079
3700  9.062e-03 	   0.451332
3800  7.276e-03   	   0.450585
3900  5.911e-03  	   0.449839
4000  4.814e-03  	   0.449092
4100  3.870e-03  	   0.449362
4200  3.156e-03  	   0.449631
4300  2.554e-03  	   0.449901
4400  2.057e-03  	   0.45017 
4500  1.656e-03  	   0.45044 
4600  1.354e-03  	   0.450709
4700  1.089e-03  	   0.450978
4800  8.813e-04  	   0.451248
4900  7.214e-04  	   0.451517
5000  5.836e-04  	   0.451787
5100  4.734e-04  	   0.450831
5200  3.807e-04  	   0.449875
5300  3.108e-04  	   0.44892 
5400  2.517e-04  	   0.447964
